###############
#    Sets     #
###############
#
set EMISSION := CO2EQ SO2 ;
set FUEL := BIO COMELC CRU DSL ELC001 ELC002 ELC003 ELCIT03 ELCITBR ELCYA03 ELCYAAR GSL HFO HYD INDELC LPG NGS PWRBIO PWRCRU PWRDSL PWRGSL PWRHFO PWRHYD PWRNGS PWRSOL PWRWAS PWRWND RESELC SOL WAS WND ;
set MODE_OF_OPERATION := 1 ;
set REGION := Region ;
set STORAGE :=  ;
set TECHNOLOGY := DEMCOMELC DEMINDELC DEMPWRBIO DEMPWRDSL DEMPWRHFO DEMPWRHYD DEMPWRNGS DEMPWRSOL DEMPWRWAS DEMPWRWND DEMRESELC EXPELC EXPELCIT EXPELCYA IMPCRU IMPDSL IMPELC IMPHFO IMPNGS PWRBIO001 PWRDSL001 PWRDSL002 PWRHFO001 PWRHYD001 PWRHYD002 PWRHYD004 PWRHYD005 PWRHYD007 PWRHYD008 PWRHYD009 PWRHYD1TRN PWRHYD2TRN PWRHYDPCHs PWRNGS001 PWRSOL001 PWRSOL002 PWRSOL005C PWRSOL006R PWRWAS001 PWRWND001 PWRWND002 PWRXXXTRN RNWHYD RNWSOL RNWWAS RNWWND UPSCRU001 ;
set TIMESLICE := S01D S02P S03N SP01D SP02P SP03N W01D W02P W03N ;
set YEAR := 2014 2015 2016 2017 2018 2019 2020 2021 2022 2023 2024 2025 2026 2027 2028 2029 2030 2031 2032 2033 2034 2035 2036 2037 2038 2039 2040 2041 2042 2043 2044 2045 ;


#####################
#    Parameters     #
#####################
#
param AccumulatedAnnualDemand default 0 :=
;

param AnnualEmissionLimit default 9999999 :=
;

param AnnualExogenousEmission default 0 :=
;

param AvailabilityFactor default 1 :=
[Region,*,*]:
2014 2015 2016 2017 2018 2019 2020 2021 2022 2023 2024 2025 2026 2027 2028 2029 2030 2031 2032 2033 2034 2035 2036 2037 2038 2039 2040 2041 2042 2043 2044 2045:=
PWRBIO001 0.6 0.6 0.6 0.6 0.6 0.6 0.6 0.6 0.6 0.6 0.6 0.6 0.6 0.6 0.6 0.6 0.6 0.6 0.6 0.6 0.6 0.6 0.6 0.6 0.6 0.6 0.6 0.6 0.6 0.6 0.6 0.6
PWRDSL001 0.9 0.9 0.9 0.9 0.9 0.9 0.9 0.9 0.9 0.9 0.9 0.9 0.9 0.9 0.9 0.9 0.9 0.9 0.9 0.9 0.9 0.9 0.9 0.9 0.9 0.9 0.9 0.9 0.9 0.9 0.9 0.9
PWRDSL002 0.9 0.9 0.9 0.9 0.9 0.9 0.9 0.9 0.9 0.9 0.9 0.9 0.9 0.9 0.9 0.9 0.9 0.9 0.9 0.9 0.9 0.9 0.9 0.9 0.9 0.9 0.9 0.9 0.9 0.9 0.9 0.9
PWRHFO001 0.9 0.9 0.9 0.9 0.9 0.9 0.9 0.9 0.9 0.9 0.9 0.9 0.9 0.9 0.9 0.9 0.9 0.9 0.9 0.9 0.9 0.9 0.9 0.9 0.9 0.9 0.9 0.9 0.9 0.9 0.9 0.9
PWRHYD001 0.68 0.68 0.68 0.68 0.68 0.68 0.68 0.68 0.68 0.68 0.68 0.68 0.68 0.68 0.68 0.68 0.68 0.68 0.68 0.68 0.68 0.68 0.68 0.68 0.68 0.68 0.68 0.68 0.68 0.68 0.68 0.68
PWRHYD002 0.8 0.8 0.8 0.8 0.8 0.8 0.8 0.8 0.8 0.8 0.8 0.8 0.8 0.8 0.8 0.8 0.8 0.8 0.8 0.8 0.8 0.8 0.8 0.8 0.8 0.8 0.8 0.8 0.8 0.8 0.8 0.8
PWRHYD004 0.51 0.51 0.51 0.51 0.51 0.51 0.51 0.51 0.51 0.51 0.51 0.51 0.51 0.51 0.51 0.51 0.51 0.51 0.51 0.51 0.51 0.51 0.51 0.51 0.51 0.51 0.51 0.51 0.51 0.51 0.51 0.51
PWRHYD005 0.65 0.65 0.65 0.65 0.65 0.65 0.65 0.65 0.65 0.65 0.65 0.65 0.65 0.65 0.65 0.65 0.65 0.65 0.65 0.65 0.65 0.65 0.65 0.65 0.65 0.65 0.65 0.65 0.65 0.65 0.65 0.65
PWRHYD007 0.68 0.68 0.68 0.68 0.68 0.68 0.68 0.68 0.68 0.68 0.68 0.68 0.68 0.68 0.68 0.68 0.68 0.68 0.68 0.68 0.68 0.68 0.68 0.68 0.68 0.68 0.68 0.68 0.68 0.68 0.68 0.68
PWRHYD008 0.68 0.68 0.68 0.68 0.68 0.68 0.68 0.68 0.68 0.68 0.68 0.68 0.68 0.68 0.68 0.68 0.68 0.68 0.68 0.68 0.68 0.68 0.68 0.68 0.68 0.68 0.68 0.68 0.68 0.68 0.68 0.68
PWRHYD009 0.68 0.68 0.68 0.68 0.68 0.68 0.68 0.68 0.68 0.68 0.68 0.68 0.68 0.68 0.68 0.68 0.68 0.68 0.68 0.68 0.68 0.68 0.68 0.68 0.68 0.68 0.68 0.68 0.68 0.68 0.68 0.68
PWRHYDPCHs 0 0 0 0 0 0.62 0.66 0.67 0.7 0.7 0.71 0.71 0.71 0.71 0.71 0.71 0.71 0.71 0.71 0.71 0.71 0.71 0.71 0.71 0.71 0.71 0.71 0.71 0.71 0.71 0.71 0.71
PWRNGS001 0.9 0.9 0.9 0.9 0.9 0.9 0.9 0.9 0.9 0.9 0.9 0.9 0.9 0.9 0.9 0.9 0.9 0.9 0.9 0.9 0.9 0.9 0.9 0.9 0.9 0.9 0.9 0.9 0.9 0.9 0.9 0.9
PWRWAS001 0.6 0.6 0.6 0.6 0.6 0.6 0.6 0.6 0.6 0.6 0.6 0.6 0.6 0.6 0.6 0.6 0.6 0.6 0.6 0.6 0.6 0.6 0.6 0.6 0.6 0.6 0.6 0.6 0.6 0.6 0.6 0.6
;

param CapacityFactor default 1 :=
[Region,PWRDSL001,*,*]:
2014 2015 2016 2017 2018 2019 2020 2021 2022 2023 2024 2025 2026 2027 2028 2029 2030 2031 2032 2033 2034 2035 2036 2037 2038 2039 2040 2041 2042 2043 2044 2045:=
S01D 0.51 0.51 0.51 0.51 0.51 0.51 0.51 0.51 0.51 0.51 0.51 0.51 0.51 0.51 0.51 0.51 0.51 0.51 0.51 0.51 0.51 0.51 0.51 0.51 0.51 0.51 0.51 0.51 0.51 0.51 0.51 0.51
S02P 0.51 0.51 0.51 0.51 0.51 0.51 0.51 0.51 0.51 0.51 0.51 0.51 0.51 0.51 0.51 0.51 0.51 0.51 0.51 0.51 0.51 0.51 0.51 0.51 0.51 0.51 0.51 0.51 0.51 0.51 0.51 0.51
S03N 0.51 0.51 0.51 0.51 0.51 0.51 0.51 0.51 0.51 0.51 0.51 0.51 0.51 0.51 0.51 0.51 0.51 0.51 0.51 0.51 0.51 0.51 0.51 0.51 0.51 0.51 0.51 0.51 0.51 0.51 0.51 0.51
SP01D 0.51 0.51 0.51 0.51 0.51 0.51 0.51 0.51 0.51 0.51 0.51 0.51 0.51 0.51 0.51 0.51 0.51 0.51 0.51 0.51 0.51 0.51 0.51 0.51 0.51 0.51 0.51 0.51 0.51 0.51 0.51 0.51
SP02P 0.51 0.51 0.51 0.51 0.51 0.51 0.51 0.51 0.51 0.51 0.51 0.51 0.51 0.51 0.51 0.51 0.51 0.51 0.51 0.51 0.51 0.51 0.51 0.51 0.51 0.51 0.51 0.51 0.51 0.51 0.51 0.51
SP03N 0.51 0.51 0.51 0.51 0.51 0.51 0.51 0.51 0.51 0.51 0.51 0.51 0.51 0.51 0.51 0.51 0.51 0.51 0.51 0.51 0.51 0.51 0.51 0.51 0.51 0.51 0.51 0.51 0.51 0.51 0.51 0.51
W01D 0.51 0.51 0.51 0.51 0.51 0.51 0.51 0.51 0.51 0.51 0.51 0.51 0.51 0.51 0.51 0.51 0.51 0.51 0.51 0.51 0.51 0.51 0.51 0.51 0.51 0.51 0.51 0.51 0.51 0.51 0.51 0.51
W02P 0.51 0.51 0.51 0.51 0.51 0.51 0.51 0.51 0.51 0.51 0.51 0.51 0.51 0.51 0.51 0.51 0.51 0.51 0.51 0.51 0.51 0.51 0.51 0.51 0.51 0.51 0.51 0.51 0.51 0.51 0.51 0.51
W03N 0.51 0.51 0.51 0.51 0.51 0.51 0.51 0.51 0.51 0.51 0.51 0.51 0.51 0.51 0.51 0.51 0.51 0.51 0.51 0.51 0.51 0.51 0.51 0.51 0.51 0.51 0.51 0.51 0.51 0.51 0.51 0.51
[Region,PWRDSL002,*,*]:
2014 2015 2016 2017 2018 2019 2020 2021 2022 2023 2024 2025 2026 2027 2028 2029 2030 2031 2032 2033 2034 2035 2036 2037 2038 2039 2040 2041 2042 2043 2044 2045:=
S02P 0.51 0.51 0.51 0.51 0.51 0.51 0.51 0.51 0.51 0.51 0.51 0.51 0.51 0.51 0.51 0.51 0.51 0.51 0.51 0.51 0.51 0.51 0.51 0.51 0.51 0.51 0.51 0.51 0.51 0.51 0.51 0.51
S03N 0.51 0.51 0.51 0.51 0.51 0.51 0.51 0.51 0.51 0.51 0.51 0.51 0.51 0.51 0.51 0.51 0.51 0.51 0.51 0.51 0.51 0.51 0.51 0.51 0.51 0.51 0.51 0.51 0.51 0.51 0.51 0.51
W02P 0.51 0.51 0.51 0.51 0.51 0.51 0.51 0.51 0.51 0.51 0.51 0.51 0.51 0.51 0.51 0.51 0.51 0.51 0.51 0.51 0.51 0.51 0.51 0.51 0.51 0.51 0.51 0.51 0.51 0.51 0.51 0.51
W03N 0.51 0.51 0.51 0.51 0.51 0.51 0.51 0.51 0.51 0.51 0.51 0.51 0.51 0.51 0.51 0.51 0.51 0.51 0.51 0.51 0.51 0.51 0.51 0.51 0.51 0.51 0.51 0.51 0.51 0.51 0.51 0.51
[Region,PWRSOL001,*,*]:
2014 2015 2016 2017 2018 2019 2020 2021 2022 2023 2024 2025 2026 2027 2028 2029 2030 2031 2032 2033 2034 2035 2036 2037 2038 2039 2040 2041 2042 2043 2044 2045:=
S01D 0.278 0.278 0.278 0.278 0.278 0.278 0.278 0.278 0.278 0.278 0.278 0.278 0.278 0.278 0.278 0.278 0.278 0.278 0.278 0.278 0.278 0.278 0.278 0.278 0.278 0.278 0.278 0.278 0.278 0.278 0.278 0.278
S02P 0 0 0 0 0 0 0 0 0 0 0 0 0 0 0 0 0 0 0 0 0 0 0 0 0 0 0 0 0 0 0 0
S03N 0 0 0 0 0 0 0 0 0 0 0 0 0 0 0 0 0 0 0 0 0 0 0 0 0 0 0 0 0 0 0 0
SP01D 0.209 0.209 0.209 0.209 0.209 0.209 0.209 0.209 0.209 0.209 0.209 0.209 0.209 0.209 0.209 0.209 0.209 0.209 0.209 0.209 0.209 0.209 0.209 0.209 0.209 0.209 0.209 0.209 0.209 0.209 0.209 0.209
SP02P 0 0 0 0 0 0 0 0 0 0 0 0 0 0 0 0 0 0 0 0 0 0 0 0 0 0 0 0 0 0 0 0
SP03N 0 0 0 0 0 0 0 0 0 0 0 0 0 0 0 0 0 0 0 0 0 0 0 0 0 0 0 0 0 0 0 0
W01D 0.526 0.526 0.526 0.526 0.526 0.526 0.526 0.526 0.526 0.526 0.526 0.526 0.526 0.526 0.526 0.526 0.526 0.526 0.526 0.526 0.526 0.526 0.526 0.526 0.526 0.526 0.526 0.526 0.526 0.526 0.526 0.526
W02P 0.001 0.001 0.001 0.001 0.001 0.001 0.001 0.001 0.001 0.001 0.001 0.001 0.001 0.001 0.001 0.001 0.001 0.001 0.001 0.001 0.001 0.001 0.001 0.001 0.001 0.001 0.001 0.001 0.001 0.001 0.001 0.001
W03N 0 0 0 0 0 0 0 0 0 0 0 0 0 0 0 0 0 0 0 0 0 0 0 0 0 0 0 0 0 0 0 0
[Region,PWRSOL002,*,*]:
2014 2015 2016 2017 2018 2019 2020 2021 2022 2023 2024 2025 2026 2027 2028 2029 2030 2031 2032 2033 2034 2035 2036 2037 2038 2039 2040 2041 2042 2043 2044 2045:=
S01D 0.278 0.278 0.278 0.278 0.278 0.278 0.278 0.278 0.278 0.278 0.278 0.278 0.278 0.278 0.278 0.278 0.278 0.278 0.278 0.278 0.278 0.278 0.278 0.278 0.278 0.278 0.278 0.278 0.278 0.278 0.278 0.278
S02P 0 0 0 0 0 0 0 0 0 0 0 0 0 0 0 0 0 0 0 0 0 0 0 0 0 0 0 0 0 0 0 0
S03N 0 0 0 0 0 0 0 0 0 0 0 0 0 0 0 0 0 0 0 0 0 0 0 0 0 0 0 0 0 0 0 0
SP01D 0.209 0.209 0.209 0.209 0.209 0.209 0.209 0.209 0.209 0.209 0.209 0.209 0.209 0.209 0.209 0.209 0.209 0.209 0.209 0.209 0.209 0.209 0.209 0.209 0.209 0.209 0.209 0.209 0.209 0.209 0.209 0.209
SP02P 0 0 0 0 0 0 0 0 0 0 0 0 0 0 0 0 0 0 0 0 0 0 0 0 0 0 0 0 0 0 0 0
SP03N 0 0 0 0 0 0 0 0 0 0 0 0 0 0 0 0 0 0 0 0 0 0 0 0 0 0 0 0 0 0 0 0
W01D 0.526 0.526 0.526 0.526 0.526 0.526 0.526 0.526 0.526 0.526 0.526 0.526 0.526 0.526 0.526 0.526 0.526 0.526 0.526 0.526 0.526 0.526 0.526 0.526 0.526 0.526 0.526 0.526 0.526 0.526 0.526 0.526
W02P 0.001 0.001 0.001 0.001 0.001 0.001 0.001 0.001 0.001 0.001 0.001 0.001 0.001 0.001 0.001 0.001 0.001 0.001 0.001 0.001 0.001 0.001 0.001 0.001 0.001 0.001 0.001 0.001 0.001 0.001 0.001 0.001
W03N 0 0 0 0 0 0 0 0 0 0 0 0 0 0 0 0 0 0 0 0 0 0 0 0 0 0 0 0 0 0 0 0
[Region,PWRSOL005C,*,*]:
2014 2015 2016 2017 2018 2019 2020 2021 2022 2023 2024 2025 2026 2027 2028 2029 2030 2031 2032 2033 2034 2035 2036 2037 2038 2039 2040 2041 2042 2043 2044 2045:=
S01D 0.278 0.278 0.278 0.278 0.278 0.278 0.278 0.278 0.278 0.278 0.278 0.278 0.278 0.278 0.278 0.278 0.278 0.278 0.278 0.278 0.278 0.278 0.278 0.278 0.278 0.278 0.278 0.278 0.278 0.278 0.278 0.278
S02P 0 0 0 0 0 0 0 0 0 0 0 0 0 0 0 0 0 0 0 0 0 0 0 0 0 0 0 0 0 0 0 0
S03N 0 0 0 0 0 0 0 0 0 0 0 0 0 0 0 0 0 0 0 0 0 0 0 0 0 0 0 0 0 0 0 0
SP01D 0.209 0.209 0.209 0.209 0.209 0.209 0.209 0.209 0.209 0.209 0.209 0.209 0.209 0.209 0.209 0.209 0.209 0.209 0.209 0.209 0.209 0.209 0.209 0.209 0.209 0.209 0.209 0.209 0.209 0.209 0.209 0.209
SP02P 0 0 0 0 0 0 0 0 0 0 0 0 0 0 0 0 0 0 0 0 0 0 0 0 0 0 0 0 0 0 0 0
SP03N 0 0 0 0 0 0 0 0 0 0 0 0 0 0 0 0 0 0 0 0 0 0 0 0 0 0 0 0 0 0 0 0
W01D 0.526 0.526 0.526 0.526 0.526 0.526 0.526 0.526 0.526 0.526 0.526 0.526 0.526 0.526 0.526 0.526 0.526 0.526 0.526 0.526 0.526 0.526 0.526 0.526 0.526 0.526 0.526 0.526 0.526 0.526 0.526 0.526
W02P 0.001 0.001 0.001 0.001 0.001 0.001 0.001 0.001 0.001 0.001 0.001 0.001 0.001 0.001 0.001 0.001 0.001 0.001 0.001 0.001 0.001 0.001 0.001 0.001 0.001 0.001 0.001 0.001 0.001 0.001 0.001 0.001
W03N 0 0 0 0 0 0 0 0 0 0 0 0 0 0 0 0 0 0 0 0 0 0 0 0 0 0 0 0 0 0 0 0
[Region,PWRSOL006R,*,*]:
2014 2015 2016 2017 2018 2019 2020 2021 2022 2023 2024 2025 2026 2027 2028 2029 2030 2031 2032 2033 2034 2035 2036 2037 2038 2039 2040 2041 2042 2043 2044 2045:=
S01D 0.278 0.278 0.278 0.278 0.278 0.278 0.278 0.278 0.278 0.278 0.278 0.278 0.278 0.278 0.278 0.278 0.278 0.278 0.278 0.278 0.278 0.278 0.278 0.278 0.278 0.278 0.278 0.278 0.278 0.278 0.278 0.278
S02P 0 0 0 0 0 0 0 0 0 0 0 0 0 0 0 0 0 0 0 0 0 0 0 0 0 0 0 0 0 0 0 0
S03N 0 0 0 0 0 0 0 0 0 0 0 0 0 0 0 0 0 0 0 0 0 0 0 0 0 0 0 0 0 0 0 0
SP01D 0.209 0.209 0.209 0.209 0.209 0.209 0.209 0.209 0.209 0.209 0.209 0.209 0.209 0.209 0.209 0.209 0.209 0.209 0.209 0.209 0.209 0.209 0.209 0.209 0.209 0.209 0.209 0.209 0.209 0.209 0.209 0.209
SP02P 0 0 0 0 0 0 0 0 0 0 0 0 0 0 0 0 0 0 0 0 0 0 0 0 0 0 0 0 0 0 0 0
SP03N 0 0 0 0 0 0 0 0 0 0 0 0 0 0 0 0 0 0 0 0 0 0 0 0 0 0 0 0 0 0 0 0
W01D 0.526 0.526 0.526 0.526 0.526 0.526 0.526 0.526 0.526 0.526 0.526 0.526 0.526 0.526 0.526 0.526 0.526 0.526 0.526 0.526 0.526 0.526 0.526 0.526 0.526 0.526 0.526 0.526 0.526 0.526 0.526 0.526
W02P 0.001 0.001 0.001 0.001 0.001 0.001 0.001 0.001 0.001 0.001 0.001 0.001 0.001 0.001 0.001 0.001 0.001 0.001 0.001 0.001 0.001 0.001 0.001 0.001 0.001 0.001 0.001 0.001 0.001 0.001 0.001 0.001
W03N 0 0 0 0 0 0 0 0 0 0 0 0 0 0 0 0 0 0 0 0 0 0 0 0 0 0 0 0 0 0 0 0
[Region,PWRWND001,*,*]:
2014 2015 2016 2017 2018 2019 2020 2021 2022 2023 2024 2025 2026 2027 2028 2029 2030 2031 2032 2033 2034 2035 2036 2037 2038 2039 2040 2041 2042 2043 2044 2045:=
S01D 0.054 0.054 0.054 0.054 0.054 0.054 0.054 0.054 0.054 0.054 0.054 0.054 0.054 0.054 0.054 0.054 0.054 0.054 0.054 0.054 0.054 0.054 0.054 0.054 0.054 0.054 0.054 0.054 0.054 0.054 0.054 0.054
S02P 0.013 0.013 0.013 0.013 0.013 0.013 0.013 0.013 0.013 0.013 0.013 0.013 0.013 0.013 0.013 0.013 0.013 0.013 0.013 0.013 0.013 0.013 0.013 0.013 0.013 0.013 0.013 0.013 0.013 0.013 0.013 0.013
S03N 0.027 0.027 0.027 0.027 0.027 0.027 0.027 0.027 0.027 0.027 0.027 0.027 0.027 0.027 0.027 0.027 0.027 0.027 0.027 0.027 0.027 0.027 0.027 0.027 0.027 0.027 0.027 0.027 0.027 0.027 0.027 0.027
SP01D 0.041 0.041 0.041 0.041 0.041 0.041 0.041 0.041 0.041 0.041 0.041 0.041 0.041 0.041 0.041 0.041 0.041 0.041 0.041 0.041 0.041 0.041 0.041 0.041 0.041 0.041 0.041 0.041 0.041 0.041 0.041 0.041
SP02P 0.015 0.015 0.015 0.015 0.015 0.015 0.015 0.015 0.015 0.015 0.015 0.015 0.015 0.015 0.015 0.015 0.015 0.015 0.015 0.015 0.015 0.015 0.015 0.015 0.015 0.015 0.015 0.015 0.015 0.015 0.015 0.015
SP03N 0.035 0.035 0.035 0.035 0.035 0.035 0.035 0.035 0.035 0.035 0.035 0.035 0.035 0.035 0.035 0.035 0.035 0.035 0.035 0.035 0.035 0.035 0.035 0.035 0.035 0.035 0.035 0.035 0.035 0.035 0.035 0.035
W01D 0.108 0.108 0.108 0.108 0.108 0.108 0.108 0.108 0.108 0.108 0.108 0.108 0.108 0.108 0.108 0.108 0.108 0.108 0.108 0.108 0.108 0.108 0.108 0.108 0.108 0.108 0.108 0.108 0.108 0.108 0.108 0.108
W02P 0.046 0.046 0.046 0.046 0.046 0.046 0.046 0.046 0.046 0.046 0.046 0.046 0.046 0.046 0.046 0.046 0.046 0.046 0.046 0.046 0.046 0.046 0.046 0.046 0.046 0.046 0.046 0.046 0.046 0.046 0.046 0.046
W03N 0.162 0.162 0.162 0.162 0.162 0.162 0.162 0.162 0.162 0.162 0.162 0.162 0.162 0.162 0.162 0.162 0.162 0.162 0.162 0.162 0.162 0.162 0.162 0.162 0.162 0.162 0.162 0.162 0.162 0.162 0.162 0.162
[Region,PWRWND002,*,*]:
2014 2015 2016 2017 2018 2019 2020 2021 2022 2023 2024 2025 2026 2027 2028 2029 2030 2031 2032 2033 2034 2035 2036 2037 2038 2039 2040 2041 2042 2043 2044 2045:=
S01D 0.21 0.21 0.21 0.21 0.21 0.21 0.21 0.21 0.21 0.21 0.21 0.21 0.21 0.21 0.21 0.21 0.21 0.21 0.21 0.21 0.21 0.21 0.21 0.21 0.21 0.21 0.21 0.21 0.21 0.21 0.21 0.21
S02P 0.044 0.044 0.044 0.044 0.044 0.044 0.044 0.044 0.044 0.044 0.044 0.044 0.044 0.044 0.044 0.044 0.044 0.044 0.044 0.044 0.044 0.044 0.044 0.044 0.044 0.044 0.044 0.044 0.044 0.044 0.044 0.044
S03N 0.107 0.107 0.107 0.107 0.107 0.107 0.107 0.107 0.107 0.107 0.107 0.107 0.107 0.107 0.107 0.107 0.107 0.107 0.107 0.107 0.107 0.107 0.107 0.107 0.107 0.107 0.107 0.107 0.107 0.107 0.107 0.107
SP01D 0.161 0.161 0.161 0.161 0.161 0.161 0.161 0.161 0.161 0.161 0.161 0.161 0.161 0.161 0.161 0.161 0.161 0.161 0.161 0.161 0.161 0.161 0.161 0.161 0.161 0.161 0.161 0.161 0.161 0.161 0.161 0.161
SP02P 0.05 0.05 0.05 0.05 0.05 0.05 0.05 0.05 0.05 0.05 0.05 0.05 0.05 0.05 0.05 0.05 0.05 0.05 0.05 0.05 0.05 0.05 0.05 0.05 0.05 0.05 0.05 0.05 0.05 0.05 0.05 0.05
SP03N 0.106 0.106 0.106 0.106 0.106 0.106 0.106 0.106 0.106 0.106 0.106 0.106 0.106 0.106 0.106 0.106 0.106 0.106 0.106 0.106 0.106 0.106 0.106 0.106 0.106 0.106 0.106 0.106 0.106 0.106 0.106 0.106
W01D 0.403 0.403 0.403 0.403 0.403 0.403 0.403 0.403 0.403 0.403 0.403 0.403 0.403 0.403 0.403 0.403 0.403 0.403 0.403 0.403 0.403 0.403 0.403 0.403 0.403 0.403 0.403 0.403 0.403 0.403 0.403 0.403
W02P 0.126 0.126 0.126 0.126 0.126 0.126 0.126 0.126 0.126 0.126 0.126 0.126 0.126 0.126 0.126 0.126 0.126 0.126 0.126 0.126 0.126 0.126 0.126 0.126 0.126 0.126 0.126 0.126 0.126 0.126 0.126 0.126
W03N 0.509 0.509 0.509 0.509 0.509 0.509 0.509 0.509 0.509 0.509 0.509 0.509 0.509 0.509 0.509 0.509 0.509 0.509 0.509 0.509 0.509 0.509 0.509 0.509 0.509 0.509 0.509 0.509 0.509 0.509 0.509 0.509
;

param CapacityOfOneTechnologyUnit default 0 :=
[Region,*,*]:
2014 2015 2016 2017 2018 2019 2020 2021 2022 2023 2024 2025 2026 2027 2028 2029 2030 2031 2032 2033 2034 2035 2036 2037 2038 2039 2040 2041 2042 2043 2044 2045:=
PWRHYD007 0.27 0.27 0.27 0.27 0.27 0.27 0.27 0.27 0.27 0.27 0.27 0.27 0.27 0.27 0.27 0.27 0.27 0.27 0.27 0.27 0.27 0.27 0.27 0.27 0.27 0.27 0.27 0.27 0.27 0.27 0.27 0.27
PWRHYD008 0.8 0.8 0.8 0.8 0.8 0.8 0.8 0.8 0.8 0.8 0.8 0.8 0.8 0.8 0.8 0.8 0.8 0.8 0.8 0.8 0.8 0.8 0.8 0.8 0.8 0.8 0.8 0.8 0.8 0.8 0.8 0.8
PWRHYD009 1.4375 1.4375 1.4375 1.4375 1.4375 1.4375 1.4375 1.4375 1.4375 1.4375 1.4375 1.4375 1.4375 1.4375 1.4375 1.4375 1.4375 1.4375 1.4375 1.4375 1.4375 1.4375 1.4375 1.4375 1.4375 1.4375 1.4375 1.4375 1.4375 1.4375 1.4375 1.4375
PWRHYDPCHs 0 0 0 0 0 0.00512 0.03846 0.06172 0.08727 0.10484 0.19649 0.19649 0.19649 0.19649 0.19649 0.19649 0.19649 0.19649 0.19649 0.19649 0.19649 0.19649 0.19649 0.19649 0.19649 0.19649 0.19649 0.19649 0.19649 0.19649 0.19649 0.19649
;

param CapacityToActivityUnit default 1 :
DEMCOMELC DEMINDELC DEMPWRBIO DEMPWRDSL DEMPWRHFO DEMPWRHYD DEMPWRNGS DEMPWRSOL DEMPWRWAS DEMPWRWND DEMRESELC EXPELC EXPELCIT EXPELCYA IMPCRU IMPDSL IMPELC IMPHFO IMPNGS PWRBIO001 PWRDSL001 PWRDSL002 PWRHFO001 PWRHYD001 PWRHYD002 PWRHYD004 PWRHYD005 PWRHYD007 PWRHYD008 PWRHYD009 PWRHYD1TRN PWRHYD2TRN PWRHYDPCHs PWRNGS001 PWRSOL001 PWRSOL002 PWRSOL005C PWRSOL006R PWRWAS001 PWRWND001 PWRWND002 PWRXXXTRN RNWHYD RNWSOL RNWWAS RNWWND UPSCRU001:=
Region 1 1 1 1 1 1 1 1 1 1 1 31.536 31.536 31.536 1 1 1 1 1 31.536 31.536 31.536 31.536 31.536 31.536 31.536 31.536 31.536 31.536 31.536 31.536 31.536 31.536 31.536 31.536 31.536 31.536 31.536 31.536 31.536 31.536 31.536 1 1 1 1 1
;

param CapitalCost default 0.0001 :=
[Region,*,*]:
2014 2015 2016 2017 2018 2019 2020 2021 2022 2023 2024 2025 2026 2027 2028 2029 2030 2031 2032 2033 2034 2035 2036 2037 2038 2039 2040 2041 2042 2043 2044 2045:=
PWRBIO001 2285 2285 2285 2285 2285 2285 2285 2285 2285 2285 2285 2285 2285 2285 2285 2285 2285 2285 2285 2285 2285 2285 2285 2285 2285 2285 2285 2285 2285 2285 2285 2285
PWRDSL002 408 408 408 408 408 408 408 408 408 408 408 408 408 408 408 408 408 408 408 408 408 408 408 408 408 408 408 408 408 408 408 408
PWRHFO001 410 410 410 410 410 410 410 410 410 410 410 410 410 410 410 410 410 410 410 410 410 410 410 410 410 410 410 410 410 410 410 410
PWRHYD004 0.0001 0.0001 0.0001 0.0001 0.0001 0.0001 0.0001 0.0001 0.0001 0.0001 0.0001 0.0001 0.0001 0.0001 0.0001 0.0001 400 400 400 400 400 400 400 400 400 400 400 400 400 400 400 400
PWRHYD005 4800 4800 4800 4800 4800 4800 4800 4800 4800 4800 4800 4800 4800 4800 4800 4800 4800 4800 4800 4800 4800 4800 4800 4800 4800 4800 4800 4800 4800 4800 4800 4800
PWRHYD007 0.0001 0.0001 0.0001 0.0001 0.0001 0.0001 0.0001 0.0001 0.0001 0.0001 0.0001 0.0001 1228.98 1228.98 1228.98 1228.98 1228.98 1228.98 1228.98 1228.98 1228.98 1228.98 1228.98 1228.98 1228.98 1228.98 1228.98 1228.98 1228.98 1228.98 1228.98 1228.98
PWRHYD008 0.0001 0.0001 0.0001 0.0001 0.0001 0.0001 0.0001 0.0001 0.0001 0.0001 0.0001 0.0001 4642.8 4642.8 4642.8 4642.8 4642.8 4642.8 4642.8 4642.8 4642.8 4642.8 4642.8 4642.8 4642.8 4642.8 4642.8 4642.8 4642.8 4642.8 4642.8 4642.8
PWRHYD009 0.0001 0.0001 0.0001 0.0001 0.0001 0.0001 0.0001 0.0001 0.0001 0.0001 0.0001 0.0001 4369.7 4369.7 4369.7 4369.7 4369.7 4369.7 4369.7 4369.7 4369.7 4369.7 4369.7 4369.7 4369.7 4369.7 4369.7 4369.7 4369.7 4369.7 4369.7 4369.7
PWRHYDPCHs 0.0001 0.0001 0.0001 0.0001 0.0001 3789.06 3404 4245 4378 4260 4041 4041 4041 4041 4041 4041 4041 4041 4041 4041 4041 4041 4041 4041 4041 4041 4041 4041 4041 4041 4041 4041
PWRNGS001 818 818 818 818 818 818 818 818 818 818 818 818 818 818 818 818 818 818 818 818 818 818 818 818 818 818 818 818 818 818 818 818
PWRSOL001 6800 6800 6800 6800 6800 6800 6800 6800 6800 6800 6800 6800 6800 6800 6800 6800 6800 6800 6800 6800 6800 6800 6800 6800 6800 6800 6800 6800 6800 6800 6800 6800
PWRSOL002 5920 5920 5920 5920 5920 5920 5920 5920 5920 5920 5920 5920 5920 5920 5920 5920 5920 5920 5920 5920 5920 5920 5920 5920 5920 5920 5920 5920 5920 5920 5920 5920
PWRSOL005C 2270 2270 2270 2270 2270 2270 2270 2270 2270 2270 2270 2270 2270 2270 2270 2270 2270 2270 2270 2270 2270 2270 2270 2270 2270 2270 2270 2270 2270 2270 2270 2270
PWRSOL006R 2270 2270 2270 2270 2270 2270 2270 2270 2270 2270 2270 2270 2270 2270 2270 2270 2270 2270 2270 2270 2270 2270 2270 2270 2270 2270 2270 2270 2270 2270 2270 2270
PWRWAS001 2550 2550 2550 2550 2550 2550 2550 2550 2550 2550 2550 2550 2550 2550 2550 2550 2550 2550 2550 2550 2550 2550 2550 2550 2550 2550 2550 2550 2550 2550 2550 2550
PWRWND001 1270 1270 1270 1270 1270 1270 1270 1270 1270 1270 1270 1270 1270 1270 1270 1270 1270 1270 1270 1270 1270 1270 1270 1270 1270 1270 1270 1270 1270 1270 1270 1270
PWRWND002 1900 1900 1900 1900 1900 1900 1900 1900 1900 1900 1900 1900 1900 1900 1900 1900 1900 1900 1900 1900 1900 1900 1900 1900 1900 1900 1900 1900 1900 1900 1900 1900
PWRXXXTRN 1500 1500 1500 1500 1500 1500 1500 1500 1500 1500 1500 1500 1500 1500 1500 1500 1500 1500 1500 1500 1500 1500 1500 1500 1500 1500 1500 1500 1500 1500 1500 1500
;

param CapitalCostStorage default 0 :=
;

param DepreciationMethod default 1 :=
;

param DiscountRate default 0.04 :=
;

param EmissionActivityRatio default 0 :=
[Region,DEMPWRDSL,CO2EQ,*,*]:
2014 2015 2016 2017 2018 2019 2020 2021 2022 2023 2024 2025 2026 2027 2028 2029 2030 2031 2032 2033 2034 2035 2036 2037 2038 2039 2040 2041 2042 2043 2044 2045:=
1 0.069 0.069 0.069 0.069 0.069 0.069 0.069 0.069 0.069 0.069 0.069 0.069 0.069 0.069 0.069 0.069 0.069 0.069 0.069 0.069 0.069 0.069 0.069 0.069 0.069 0.069 0.069 0.069 0.069 0.069 0.069 0.069
[Region,DEMPWRHFO,CO2EQ,*,*]:
2014 2015 2016 2017 2018 2019 2020 2021 2022 2023 2024 2025 2026 2027 2028 2029 2030 2031 2032 2033 2034 2035 2036 2037 2038 2039 2040 2041 2042 2043 2044 2045:=
1 0.075 0.075 0.075 0.075 0.075 0.075 0.075 0.075 0.075 0.075 0.075 0.075 0.075 0.075 0.075 0.075 0.075 0.075 0.075 0.075 0.075 0.075 0.075 0.075 0.075 0.075 0.075 0.075 0.075 0.075 0.075 0.075
;

param EmissionsPenalty default 0 :=
;

param FixedCost default 0 :=
[Region,*,*]:
2014 2015 2016 2017 2018 2019 2020 2021 2022 2023 2024 2025 2026 2027 2028 2029 2030 2031 2032 2033 2034 2035 2036 2037 2038 2039 2040 2041 2042 2043 2044 2045:=
PWRBIO001 75 75 75 75 75 75 75 75 75 75 75 75 75 75 75 75 75 75 75 75 75 75 75 75 75 75 75 75 75 75 75 75
PWRDSL001 20 20 20 20 20 20 20 20 20 20 20 20 20 20 20 20 20 20 20 20 20 20 20 20 20 20 20 20 20 20 20 20
PWRDSL002 20 20 20 20 20 20 20 20 20 20 20 20 20 20 20 20 20 20 20 20 20 20 20 20 20 20 20 20 20 20 20 20
PWRHFO001 20 20 20 20 20 20 20 20 20 20 20 20 20 20 20 20 20 20 20 20 20 20 20 20 20 20 20 20 20 20 20 20
PWRHYD001 66.67 66.67 66.67 66.67 66.67 66.67 66.67 66.67 66.67 66.67 66.67 66.67 66.67 66.67 66.67 66.67 66.67 66.67 66.67 66.67 66.67 66.67 66.67 66.67 66.67 66.67 66.67 66.67 66.67 66.67 66.67 66.67
PWRHYD002 25 25 25 25 25 25 25 25 25 25 25 25 25 25 25 25 25 25 25 25 25 25 25 25 25 25 25 25 25 25 25 25
PWRHYD004 18.69 18.69 18.69 18.69 18.69 18.69 18.69 18.69 18.69 18.69 18.69 18.69 18.69 18.69 18.69 18.69 18.69 18.69 18.69 18.69 18.69 18.69 18.69 18.69 18.69 18.69 18.69 18.69 18.69 18.69 18.69 18.69
PWRHYD005 73.337 73.337 73.337 73.337 73.337 73.337 73.337 73.337 73.337 73.337 73.337 73.337 73.337 73.337 73.337 73.337 73.337 73.337 73.337 73.337 73.337 73.337 73.337 73.337 73.337 73.337 73.337 73.337 73.337 73.337 73.337 73.337
PWRHYD007 66.67 66.67 66.67 66.67 66.67 66.67 66.67 66.67 66.67 66.67 66.67 66.67 66.67 66.67 66.67 66.67 66.67 66.67 66.67 66.67 66.67 66.67 66.67 66.67 66.67 66.67 66.67 66.67 66.67 66.67 66.67 66.67
PWRHYD008 66.67 66.67 66.67 66.67 66.67 66.67 66.67 66.67 66.67 66.67 66.67 66.67 66.67 66.67 66.67 66.67 66.67 66.67 66.67 66.67 66.67 66.67 66.67 66.67 66.67 66.67 66.67 66.67 66.67 66.67 66.67 66.67
PWRHYD009 66.67 66.67 66.67 66.67 66.67 66.67 66.67 66.67 66.67 66.67 66.67 66.67 66.67 66.67 66.67 66.67 66.67 66.67 66.67 66.67 66.67 66.67 66.67 66.67 66.67 66.67 66.67 66.67 66.67 66.67 66.67 66.67
PWRHYDPCHs 0 0 0 0 0 10.37 9.24 11.63 12 11.67 11.05 11.05 11.05 11.05 11.05 11.05 11.05 11.05 11.05 11.05 11.05 11.05 11.05 11.05 11.05 11.05 11.05 11.05 11.05 11.05 11.05 11.05
PWRNGS001 25 25 25 25 25 25 25 25 25 25 25 25 25 25 25 25 25 25 25 25 25 25 25 25 25 25 25 25 25 25 25 25
PWRSOL001 260 260 260 260 260 260 260 260 260 260 260 260 260 260 260 260 260 260 260 260 260 260 260 260 260 260 260 260 260 260 260 260
PWRSOL002 230 230 230 230 230 230 230 230 230 230 230 230 230 230 230 230 230 230 230 230 230 230 230 230 230 230 230 230 230 230 230 230
PWRSOL005C 24 24 24 24 24 24 24 24 24 24 24 24 24 24 24 24 24 24 24 24 24 24 24 24 24 24 24 24 24 24 24 24
PWRSOL006R 24 24 24 24 24 24 24 24 24 24 24 24 24 24 24 24 24 24 24 24 24 24 24 24 24 24 24 24 24 24 24 24
PWRWAS001 85 85 85 85 85 85 85 85 85 85 85 85 85 85 85 85 85 85 85 85 85 85 85 85 85 85 85 85 85 85 85 85
PWRWND001 30 30 30 30 30 30 30 30 30 30 30 30 30 30 30 30 30 30 30 30 30 30 30 30 30 30 30 30 30 30 30 30
PWRWND002 48 48 48 48 48 48 48 48 48 48 48 48 48 48 48 48 48 48 48 48 48 48 48 48 48 48 48 48 48 48 48 48
;

param InputActivityRatio default 0 :=
[Region,DEMCOMELC,ELC002,*,*]:
2014 2015 2016 2017 2018 2019 2020 2021 2022 2023 2024 2025 2026 2027 2028 2029 2030 2031 2032 2033 2034 2035 2036 2037 2038 2039 2040 2041 2042 2043 2044 2045:=
1 1 1 1 1 1 1 1 1 1 1 1 1 1 1 1 1 1 1 1 1 1 1 1 1 1 1 1 1 1 1 1 1
[Region,DEMINDELC,ELC002,*,*]:
2014 2015 2016 2017 2018 2019 2020 2021 2022 2023 2024 2025 2026 2027 2028 2029 2030 2031 2032 2033 2034 2035 2036 2037 2038 2039 2040 2041 2042 2043 2044 2045:=
1 1 1 1 1 1 1 1 1 1 1 1 1 1 1 1 1 1 1 1 1 1 1 1 1 1 1 1 1 1 1 1 1
[Region,DEMPWRBIO,BIO,*,*]:
2014 2015 2016 2017 2018 2019 2020 2021 2022 2023 2024 2025 2026 2027 2028 2029 2030 2031 2032 2033 2034 2035 2036 2037 2038 2039 2040 2041 2042 2043 2044 2045:=
1 1 1 1 1 1 1 1 1 1 1 1 1 1 1 1 1 1 1 1 1 1 1 1 1 1 1 1 1 1 1 1 1
[Region,DEMPWRDSL,DSL,*,*]:
2014 2015 2016 2017 2018 2019 2020 2021 2022 2023 2024 2025 2026 2027 2028 2029 2030 2031 2032 2033 2034 2035 2036 2037 2038 2039 2040 2041 2042 2043 2044 2045:=
1 1 1 1 1 1 1 1 1 1 1 1 1 1 1 1 1 1 1 1 1 1 1 1 1 1 1 1 1 1 1 1 1
[Region,DEMPWRHFO,HFO,*,*]:
2014 2015 2016 2017 2018 2019 2020 2021 2022 2023 2024 2025 2026 2027 2028 2029 2030 2031 2032 2033 2034 2035 2036 2037 2038 2039 2040 2041 2042 2043 2044 2045:=
1 1 1 1 1 1 1 1 1 1 1 1 1 1 1 1 1 1 1 1 1 1 1 1 1 1 1 1 1 1 1 1 1
[Region,DEMPWRHYD,HYD,*,*]:
2014 2015 2016 2017 2018 2019 2020 2021 2022 2023 2024 2025 2026 2027 2028 2029 2030 2031 2032 2033 2034 2035 2036 2037 2038 2039 2040 2041 2042 2043 2044 2045:=
1 1 1 1 1 1 1 1 1 1 1 1 1 1 1 1 1 1 1 1 1 1 1 1 1 1 1 1 1 1 1 1 1
[Region,DEMPWRNGS,NGS,*,*]:
2014 2015 2016 2017 2018 2019 2020 2021 2022 2023 2024 2025 2026 2027 2028 2029 2030 2031 2032 2033 2034 2035 2036 2037 2038 2039 2040 2041 2042 2043 2044 2045:=
1 1 1 1 1 1 1 1 1 1 1 1 1 1 1 1 1 1 1 1 1 1 1 1 1 1 1 1 1 1 1 1 1
[Region,DEMPWRSOL,SOL,*,*]:
2014 2015 2016 2017 2018 2019 2020 2021 2022 2023 2024 2025 2026 2027 2028 2029 2030 2031 2032 2033 2034 2035 2036 2037 2038 2039 2040 2041 2042 2043 2044 2045:=
1 1 1 1 1 1 1 1 1 1 1 1 1 1 1 1 1 1 1 1 1 1 1 1 1 1 1 1 1 1 1 1 1
[Region,DEMPWRWAS,WAS,*,*]:
2014 2015 2016 2017 2018 2019 2020 2021 2022 2023 2024 2025 2026 2027 2028 2029 2030 2031 2032 2033 2034 2035 2036 2037 2038 2039 2040 2041 2042 2043 2044 2045:=
1 1 1 1 1 1 1 1 1 1 1 1 1 1 1 1 1 1 1 1 1 1 1 1 1 1 1 1 1 1 1 1 1
[Region,DEMPWRWND,WND,*,*]:
2014 2015 2016 2017 2018 2019 2020 2021 2022 2023 2024 2025 2026 2027 2028 2029 2030 2031 2032 2033 2034 2035 2036 2037 2038 2039 2040 2041 2042 2043 2044 2045:=
1 1 1 1 1 1 1 1 1 1 1 1 1 1 1 1 1 1 1 1 1 1 1 1 1 1 1 1 1 1 1 1 1
[Region,DEMRESELC,ELC002,*,*]:
2014 2015 2016 2017 2018 2019 2020 2021 2022 2023 2024 2025 2026 2027 2028 2029 2030 2031 2032 2033 2034 2035 2036 2037 2038 2039 2040 2041 2042 2043 2044 2045:=
1 1 1 1 1 1 1 1 1 1 1 1 1 1 1 1 1 1 1 1 1 1 1 1 1 1 1 1 1 1 1 1 1
[Region,EXPELC,ELC001,*,*]:
2014 2015 2016 2017 2018 2019 2020 2021 2022 2023 2024 2025 2026 2027 2028 2029 2030 2031 2032 2033 2034 2035 2036 2037 2038 2039 2040 2041 2042 2043 2044 2045:=
1 1 1 1 1 1 1 1 1 1 1 1 1 1 1 1 1 1 1 1 1 1 1 1 1 1 1 1 1 1 1 1 1
[Region,EXPELCIT,ELCIT03,*,*]:
2014 2015 2016 2017 2018 2019 2020 2021 2022 2023 2024 2025 2026 2027 2028 2029 2030 2031 2032 2033 2034 2035 2036 2037 2038 2039 2040 2041 2042 2043 2044 2045:=
1 1 1 1 1 1 1 1 1 1 1 1 1 1 1 1 1 1 1 1 1 1 1 1 1 1 1 1 1 1 1 1 1
[Region,EXPELCYA,ELCYA03,*,*]:
2014 2015 2016 2017 2018 2019 2020 2021 2022 2023 2024 2025 2026 2027 2028 2029 2030 2031 2032 2033 2034 2035 2036 2037 2038 2039 2040 2041 2042 2043 2044 2045:=
1 1 1 1 1 1 1 1 1 1 1 1 1 1 1 1 1 1 1 1 1 1 1 1 1 1 1 1 1 1 1 1 1
[Region,PWRBIO001,PWRBIO,*,*]:
2014 2015 2016 2017 2018 2019 2020 2021 2022 2023 2024 2025 2026 2027 2028 2029 2030 2031 2032 2033 2034 2035 2036 2037 2038 2039 2040 2041 2042 2043 2044 2045:=
1 2.9 2.9 2.9 2.9 2.9 2.9 2.9 2.9 2.9 2.9 2.9 2.9 2.9 2.9 2.9 2.9 2.9 2.9 2.9 2.9 2.9 2.9 2.9 2.9 2.9 2.9 2.9 2.9 2.9 2.9 2.9 2.9
[Region,PWRDSL001,PWRDSL,*,*]:
2014 2015 2016 2017 2018 2019 2020 2021 2022 2023 2024 2025 2026 2027 2028 2029 2030 2031 2032 2033 2034 2035 2036 2037 2038 2039 2040 2041 2042 2043 2044 2045:=
1 2 2 2 2 2 2 2 2 2 2 2 2 2 2 2 2 2 2 2 2 2 2 2 2 2 2 2 2 2 2 2 2
[Region,PWRDSL002,PWRDSL,*,*]:
2014 2015 2016 2017 2018 2019 2020 2021 2022 2023 2024 2025 2026 2027 2028 2029 2030 2031 2032 2033 2034 2035 2036 2037 2038 2039 2040 2041 2042 2043 2044 2045:=
1 2.7 2.7 2.7 2.6 2.6 2.6 2.6 2.6 2.6 2.6 2.6 2.6 2.6 2.6 2.6 2.6 2.6 2.6 2.5 2.5 2.5 2.5 2.5 2.5 2.5 2.5 2.4 2.4 2.4 2.4 2.4 2.4
[Region,PWRHFO001,PWRHFO,*,*]:
2014 2015 2016 2017 2018 2019 2020 2021 2022 2023 2024 2025 2026 2027 2028 2029 2030 2031 2032 2033 2034 2035 2036 2037 2038 2039 2040 2041 2042 2043 2044 2045:=
1 2.7 2.7 2.7 2.6 2.6 2.6 2.6 2.6 2.6 2.6 2.6 2.6 2.6 2.6 2.6 2.6 2.6 2.6 2.5 2.5 2.5 2.5 2.5 2.5 2.5 2.5 2.4 2.4 2.4 2.4 2.4 2.4
[Region,PWRHYD001,PWRHYD,*,*]:
2014 2015 2016 2017 2018 2019 2020 2021 2022 2023 2024 2025 2026 2027 2028 2029 2030 2031 2032 2033 2034 2035 2036 2037 2038 2039 2040 2041 2042 2043 2044 2045:=
1 1 1 1 1 1 1 1 1 1 1 1 1 1 1 1 1 1 1 1 1 1 1 1 1 1 1 1 1 1 1 1 1
[Region,PWRHYD002,PWRHYD,*,*]:
2014 2015 2016 2017 2018 2019 2020 2021 2022 2023 2024 2025 2026 2027 2028 2029 2030 2031 2032 2033 2034 2035 2036 2037 2038 2039 2040 2041 2042 2043 2044 2045:=
1 1 1 1 1 1 1 1 1 1 1 1 1 1 1 1 1 1 1 1 1 1 1 1 1 1 1 1 1 1 1 1 1
[Region,PWRHYD004,PWRHYD,*,*]:
2014 2015 2016 2017 2018 2019 2020 2021 2022 2023 2024 2025 2026 2027 2028 2029 2030 2031 2032 2033 2034 2035 2036 2037 2038 2039 2040 2041 2042 2043 2044 2045:=
1 1 1 1 1 1 1 1 1 1 1 1 1 1 1 1 1 1 1 1 1 1 1 1 1 1 1 1 1 1 1 1 1
[Region,PWRHYD005,PWRHYD,*,*]:
2014 2015 2016 2017 2018 2019 2020 2021 2022 2023 2024 2025 2026 2027 2028 2029 2030 2031 2032 2033 2034 2035 2036 2037 2038 2039 2040 2041 2042 2043 2044 2045:=
1 1 1 1 1 1 1 1 1 1 1 1 1 1 1 1 1 1 1 1 1 1 1 1 1 1 1 1 1 1 1 1 1
[Region,PWRHYD007,PWRHYD,*,*]:
2014 2015 2016 2017 2018 2019 2020 2021 2022 2023 2024 2025 2026 2027 2028 2029 2030 2031 2032 2033 2034 2035 2036 2037 2038 2039 2040 2041 2042 2043 2044 2045:=
1 1 1 1 1 1 1 1 1 1 1 1 1 1 1 1 1 1 1 1 1 1 1 1 1 1 1 1 1 1 1 1 1
[Region,PWRHYD008,PWRHYD,*,*]:
2014 2015 2016 2017 2018 2019 2020 2021 2022 2023 2024 2025 2026 2027 2028 2029 2030 2031 2032 2033 2034 2035 2036 2037 2038 2039 2040 2041 2042 2043 2044 2045:=
1 1 1 1 1 1 1 1 1 1 1 1 1 1 1 1 1 1 1 1 1 1 1 1 1 1 1 1 1 1 1 1 1
[Region,PWRHYD009,PWRHYD,*,*]:
2014 2015 2016 2017 2018 2019 2020 2021 2022 2023 2024 2025 2026 2027 2028 2029 2030 2031 2032 2033 2034 2035 2036 2037 2038 2039 2040 2041 2042 2043 2044 2045:=
1 1 1 1 1 1 1 1 1 1 1 1 1 1 1 1 1 1 1 1 1 1 1 1 1 1 1 1 1 1 1 1 1
[Region,PWRHYD1TRN,ELCYA03,*,*]:
2014 2015 2016 2017 2018 2019 2020 2021 2022 2023 2024 2025 2026 2027 2028 2029 2030 2031 2032 2033 2034 2035 2036 2037 2038 2039 2040 2041 2042 2043 2044 2045:=
1 1 1 1 1 1 1 1 1 1 1 1 1 1 1 1 1 1 1 1 1 1 1 1 1 1 1 1 1 1 1 1 1
[Region,PWRHYD2TRN,ELCIT03,*,*]:
2014 2015 2016 2017 2018 2019 2020 2021 2022 2023 2024 2025 2026 2027 2028 2029 2030 2031 2032 2033 2034 2035 2036 2037 2038 2039 2040 2041 2042 2043 2044 2045:=
1 1 1 1 1 1 1 1 1 1 1 1 1 1 1 1 1 1 1 1 1 1 1 1 1 1 1 1 1 1 1 1 1
[Region,PWRHYDPCHs,PWRHYD,*,*]:
2014 2015 2016 2017 2018 2019 2020 2021 2022 2023 2024 2025 2026 2027 2028 2029 2030 2031 2032 2033 2034 2035 2036 2037 2038 2039 2040 2041 2042 2043 2044 2045:=
1 1 1 1 1 1 1 1 1 1 1 1 1 1 1 1 1 1 1 1 1 1 1 1 1 1 1 1 1 1 1 1 1
[Region,PWRNGS001,PWRNGS,*,*]:
2014 2015 2016 2017 2018 2019 2020 2021 2022 2023 2024 2025 2026 2027 2028 2029 2030 2031 2032 2033 2034 2035 2036 2037 2038 2039 2040 2041 2042 2043 2044 2045:=
1 2.7 2.7 2.7 2.6 2.6 2.6 2.6 2.6 2.6 2.6 2.6 2.6 2.6 2.6 2.6 2.6 2.6 2.6 2.5 2.5 2.5 2.5 2.5 2.5 2.5 2.5 2.4 2.7 2.7 2.7 2.6 2.6
[Region,PWRSOL001,PWRSOL,*,*]:
2014 2015 2016 2017 2018 2019 2020 2021 2022 2023 2024 2025 2026 2027 2028 2029 2030 2031 2032 2033 2034 2035 2036 2037 2038 2039 2040 2041 2042 2043 2044 2045:=
1 1 1 1 1 1 1 1 1 1 1 1 1 1 1 1 1 1 1 1 1 1 1 1 1 1 1 1 1 1 1 1 1
[Region,PWRSOL002,PWRSOL,*,*]:
2014 2015 2016 2017 2018 2019 2020 2021 2022 2023 2024 2025 2026 2027 2028 2029 2030 2031 2032 2033 2034 2035 2036 2037 2038 2039 2040 2041 2042 2043 2044 2045:=
1 1 1 1 1 1 1 1 1 1 1 1 1 1 1 1 1 1 1 1 1 1 1 1 1 1 1 1 1 1 1 1 1
[Region,PWRSOL005C,PWRSOL,*,*]:
2014 2015 2016 2017 2018 2019 2020 2021 2022 2023 2024 2025 2026 2027 2028 2029 2030 2031 2032 2033 2034 2035 2036 2037 2038 2039 2040 2041 2042 2043 2044 2045:=
1 1 1 1 1 1 1 1 1 1 1 1 1 1 1 1 1 1 1 1 1 1 1 1 1 1 1 1 1 1 1 1 1
[Region,PWRSOL006R,PWRSOL,*,*]:
2014 2015 2016 2017 2018 2019 2020 2021 2022 2023 2024 2025 2026 2027 2028 2029 2030 2031 2032 2033 2034 2035 2036 2037 2038 2039 2040 2041 2042 2043 2044 2045:=
1 1 1 1 1 1 1 1 1 1 1 1 1 1 1 1 1 1 1 1 1 1 1 1 1 1 1 1 1 1 1 1 1
[Region,PWRWAS001,PWRWAS,*,*]:
2014 2015 2016 2017 2018 2019 2020 2021 2022 2023 2024 2025 2026 2027 2028 2029 2030 2031 2032 2033 2034 2035 2036 2037 2038 2039 2040 2041 2042 2043 2044 2045:=
1 2.86 2.86 2.86 2.86 2.86 2.86 2.86 2.86 2.86 2.86 2.86 2.86 2.86 2.86 2.86 2.86 2.86 2.86 2.86 2.86 2.86 2.86 2.86 2.86 2.86 2.86 2.86 2.86 2.86 2.86 2.86 2.86
[Region,PWRWND001,PWRWND,*,*]:
2014 2015 2016 2017 2018 2019 2020 2021 2022 2023 2024 2025 2026 2027 2028 2029 2030 2031 2032 2033 2034 2035 2036 2037 2038 2039 2040 2041 2042 2043 2044 2045:=
1 1 1 1 1 1 1 1 1 1 1 1 1 1 1 1 1 1 1 1 1 1 1 1 1 1 1 1 1 1 1 1 1
[Region,PWRWND002,PWRWND,*,*]:
2014 2015 2016 2017 2018 2019 2020 2021 2022 2023 2024 2025 2026 2027 2028 2029 2030 2031 2032 2033 2034 2035 2036 2037 2038 2039 2040 2041 2042 2043 2044 2045:=
1 1 1 1 1 1 1 1 1 1 1 1 1 1 1 1 1 1 1 1 1 1 1 1 1 1 1 1 1 1 1 1 1
[Region,PWRXXXTRN,ELC001,*,*]:
2014 2015 2016 2017 2018 2019 2020 2021 2022 2023 2024 2025 2026 2027 2028 2029 2030 2031 2032 2033 2034 2035 2036 2037 2038 2039 2040 2041 2042 2043 2044 2045:=
1 1 1 1 1 1 1 1 1 1 1 1 1 1 1 1 1 1 1 1 1 1 1 1 1 1 1 1 1 1 1 1 1
[Region,UPSCRU001,CRU,*,*]:
2014 2015 2016 2017 2018 2019 2020 2021 2022 2023 2024 2025 2026 2027 2028 2029 2030 2031 2032 2033 2034 2035 2036 2037 2038 2039 2040 2041 2042 2043 2044 2045:=
1 1.04214 1.04214 1.04214 1.04214 1.04214 1.04214 1.04214 1.04214 1.04214 1.04214 1.04214 1.04214 1.04214 1.04214 1.04214 1.04214 1.04214 1.04214 1.04214 1.04214 1.04214 1.04214 1.04214 1.04214 1.04214 1.04214 1.04214 1.04214 1.04214 1.04214 1.04214 1.04214
;

param ModelPeriodEmissionLimit default 999999999 :=
;

param ModelPeriodExogenousEmission default 0 :=
;

param OperationalLife default 1 :
DEMCOMELC DEMINDELC DEMPWRBIO DEMPWRDSL DEMPWRHFO DEMPWRHYD DEMPWRNGS DEMPWRSOL DEMPWRWAS DEMPWRWND DEMRESELC EXPELC EXPELCIT EXPELCYA IMPCRU IMPDSL IMPELC IMPHFO IMPNGS PWRBIO001 PWRDSL001 PWRDSL002 PWRHFO001 PWRHYD001 PWRHYD002 PWRHYD004 PWRHYD005 PWRHYD007 PWRHYD008 PWRHYD009 PWRHYD1TRN PWRHYD2TRN PWRHYDPCHs PWRNGS001 PWRSOL001 PWRSOL002 PWRSOL005C PWRSOL006R PWRWAS001 PWRWND001 PWRWND002 PWRXXXTRN RNWHYD RNWSOL RNWWAS RNWWND UPSCRU001:=
Region 100 100 100 100 100 100 100 100 100 100 100 60 100 100 60 60 60 60 60 30 25 25 25 80 80 80 80 80 80 80 100 100 50 35 25 25 20 20 30 25 25 60 60 60 60 60 100
;

param OperationalLifeStorage default 1 :=
;

param OutputActivityRatio default 0 :=
[Region,DEMCOMELC,COMELC,*,*]:
2014 2015 2016 2017 2018 2019 2020 2021 2022 2023 2024 2025 2026 2027 2028 2029 2030 2031 2032 2033 2034 2035 2036 2037 2038 2039 2040 2041 2042 2043 2044 2045:=
1 0.8083 0.7939 0.815 0.8262 0.8342 0.8392 0.8442 0.8492 0.8542 0.8592 0.8642 0.8692 0.8742 0.87467 0.8793 0.88376 0.88805 0.89218 0.89616 0.89998 0.90367 0.90721 0.91063 0.91392 0.91708 0.92013 0.92306 0.92589 0.92861 0.93122 0.93374 0.93617
[Region,DEMINDELC,INDELC,*,*]:
2014 2015 2016 2017 2018 2019 2020 2021 2022 2023 2024 2025 2026 2027 2028 2029 2030 2031 2032 2033 2034 2035 2036 2037 2038 2039 2040 2041 2042 2043 2044 2045:=
1 0.8083 0.7939 0.815 0.8262 0.8342 0.8392 0.8442 0.8492 0.8542 0.8592 0.8642 0.8692 0.8742 0.87467 0.8793 0.88376 0.88805 0.89218 0.89616 0.89998 0.90367 0.90721 0.91063 0.91392 0.91708 0.92013 0.92306 0.92589 0.92861 0.93122 0.93374 0.93617
[Region,DEMPWRBIO,PWRBIO,*,*]:
2014 2015 2016 2017 2018 2019 2020 2021 2022 2023 2024 2025 2026 2027 2028 2029 2030 2031 2032 2033 2034 2035 2036 2037 2038 2039 2040 2041 2042 2043 2044 2045:=
1 1 1 1 1 1 1 1 1 1 1 1 1 1 1 1 1 1 1 1 1 1 1 1 1 1 1 1 1 1 1 1 1
[Region,DEMPWRDSL,PWRDSL,*,*]:
2014 2015 2016 2017 2018 2019 2020 2021 2022 2023 2024 2025 2026 2027 2028 2029 2030 2031 2032 2033 2034 2035 2036 2037 2038 2039 2040 2041 2042 2043 2044 2045:=
1 1 1 1 1 1 1 1 1 1 1 1 1 1 1 1 1 1 1 1 1 1 1 1 1 1 1 1 1 1 1 1 1
[Region,DEMPWRHFO,PWRHFO,*,*]:
2014 2015 2016 2017 2018 2019 2020 2021 2022 2023 2024 2025 2026 2027 2028 2029 2030 2031 2032 2033 2034 2035 2036 2037 2038 2039 2040 2041 2042 2043 2044 2045:=
1 1 1 1 1 1 1 1 1 1 1 1 1 1 1 1 1 1 1 1 1 1 1 1 1 1 1 1 1 1 1 1 1
[Region,DEMPWRHYD,PWRHYD,*,*]:
2014 2015 2016 2017 2018 2019 2020 2021 2022 2023 2024 2025 2026 2027 2028 2029 2030 2031 2032 2033 2034 2035 2036 2037 2038 2039 2040 2041 2042 2043 2044 2045:=
1 1 1 1 1 1 1 1 1 1 1 1 1 1 1 1 1 1 1 1 1 1 1 1 1 1 1 1 1 1 1 1 1
[Region,DEMPWRNGS,PWRNGS,*,*]:
2014 2015 2016 2017 2018 2019 2020 2021 2022 2023 2024 2025 2026 2027 2028 2029 2030 2031 2032 2033 2034 2035 2036 2037 2038 2039 2040 2041 2042 2043 2044 2045:=
1 1 1 1 1 1 1 1 1 1 1 1 1 1 1 1 1 1 1 1 1 1 1 1 1 1 1 1 1 1 1 1 1
[Region,DEMPWRSOL,PWRSOL,*,*]:
2014 2015 2016 2017 2018 2019 2020 2021 2022 2023 2024 2025 2026 2027 2028 2029 2030 2031 2032 2033 2034 2035 2036 2037 2038 2039 2040 2041 2042 2043 2044 2045:=
1 1 1 1 1 1 1 1 1 1 1 1 1 1 1 1 1 1 1 1 1 1 1 1 1 1 1 1 1 1 1 1 1
[Region,DEMPWRWAS,PWRWAS,*,*]:
2014 2015 2016 2017 2018 2019 2020 2021 2022 2023 2024 2025 2026 2027 2028 2029 2030 2031 2032 2033 2034 2035 2036 2037 2038 2039 2040 2041 2042 2043 2044 2045:=
1 1 1 1 1 1 1 1 1 1 1 1 1 1 1 1 1 1 1 1 1 1 1 1 1 1 1 1 1 1 1 1 1
[Region,DEMPWRWND,PWRWND,*,*]:
2014 2015 2016 2017 2018 2019 2020 2021 2022 2023 2024 2025 2026 2027 2028 2029 2030 2031 2032 2033 2034 2035 2036 2037 2038 2039 2040 2041 2042 2043 2044 2045:=
1 1 1 1 1 1 1 1 1 1 1 1 1 1 1 1 1 1 1 1 1 1 1 1 1 1 1 1 1 1 1 1 1
[Region,DEMRESELC,RESELC,*,*]:
2014 2015 2016 2017 2018 2019 2020 2021 2022 2023 2024 2025 2026 2027 2028 2029 2030 2031 2032 2033 2034 2035 2036 2037 2038 2039 2040 2041 2042 2043 2044 2045:=
1 0.8083 0.7939 0.815 0.8262 0.8342 0.8392 0.8442 0.8492 0.8542 0.8592 0.8642 0.8692 0.8742 0.87467 0.8793 0.88376 0.88805 0.89218 0.89616 0.89998 0.90367 0.90721 0.91063 0.91392 0.91708 0.92013 0.92306 0.92589 0.92861 0.93122 0.93374 0.93617
[Region,EXPELC,ELC003,*,*]:
2014 2015 2016 2017 2018 2019 2020 2021 2022 2023 2024 2025 2026 2027 2028 2029 2030 2031 2032 2033 2034 2035 2036 2037 2038 2039 2040 2041 2042 2043 2044 2045:=
1 1 1 1 1 1 1 1 1 1 1 1 1 1 1 1 1 1 1 1 1 1 1 1 1 1 1 1 1 1 1 1 1
[Region,EXPELCIT,ELCITBR,*,*]:
2014 2015 2016 2017 2018 2019 2020 2021 2022 2023 2024 2025 2026 2027 2028 2029 2030 2031 2032 2033 2034 2035 2036 2037 2038 2039 2040 2041 2042 2043 2044 2045:=
1 1 1 1 1 1 1 1 1 1 1 1 1 1 1 1 1 1 1 1 1 1 1 1 1 1 1 1 1 1 1 1 1
[Region,EXPELCYA,ELCYAAR,*,*]:
2014 2015 2016 2017 2018 2019 2020 2021 2022 2023 2024 2025 2026 2027 2028 2029 2030 2031 2032 2033 2034 2035 2036 2037 2038 2039 2040 2041 2042 2043 2044 2045:=
1 1 1 1 1 1 1 1 1 1 1 1 1 1 1 1 1 1 1 1 1 1 1 1 1 1 1 1 1 1 1 1 1
[Region,IMPCRU,CRU,*,*]:
2014 2015 2016 2017 2018 2019 2020 2021 2022 2023 2024 2025 2026 2027 2028 2029 2030 2031 2032 2033 2034 2035 2036 2037 2038 2039 2040 2041 2042 2043 2044 2045:=
1 1 1 1 1 1 1 1 1 1 1 1 1 1 1 1 1 1 1 1 1 1 1 1 1 1 1 1 1 1 1 1 1
[Region,IMPDSL,DSL,*,*]:
2014 2015 2016 2017 2018 2019 2020 2021 2022 2023 2024 2025 2026 2027 2028 2029 2030 2031 2032 2033 2034 2035 2036 2037 2038 2039 2040 2041 2042 2043 2044 2045:=
1 1 1 1 1 1 1 1 1 1 1 1 1 1 1 1 1 1 1 1 1 1 1 1 1 1 1 1 1 1 1 1 1
[Region,IMPELC,ELC001,*,*]:
2014 2015 2016 2017 2018 2019 2020 2021 2022 2023 2024 2025 2026 2027 2028 2029 2030 2031 2032 2033 2034 2035 2036 2037 2038 2039 2040 2041 2042 2043 2044 2045:=
1 1 1 1 1 1 1 1 1 1 1 1 1 1 1 1 1 1 1 1 1 1 1 1 1 1 1 1 1 1 1 1 1
[Region,IMPHFO,HFO,*,*]:
2014 2015 2016 2017 2018 2019 2020 2021 2022 2023 2024 2025 2026 2027 2028 2029 2030 2031 2032 2033 2034 2035 2036 2037 2038 2039 2040 2041 2042 2043 2044 2045:=
1 1 1 1 1 1 1 1 1 1 1 1 1 1 1 1 1 1 1 1 1 1 1 1 1 1 1 1 1 1 1 1 1
[Region,IMPNGS,NGS,*,*]:
2014 2015 2016 2017 2018 2019 2020 2021 2022 2023 2024 2025 2026 2027 2028 2029 2030 2031 2032 2033 2034 2035 2036 2037 2038 2039 2040 2041 2042 2043 2044 2045:=
1 1 1 1 1 1 1 1 1 1 1 1 1 1 1 1 1 1 1 1 1 1 1 1 1 1 1 1 1 1 1 1 1
[Region,PWRBIO001,ELC001,*,*]:
2014 2015 2016 2017 2018 2019 2020 2021 2022 2023 2024 2025 2026 2027 2028 2029 2030 2031 2032 2033 2034 2035 2036 2037 2038 2039 2040 2041 2042 2043 2044 2045:=
1 1 1 1 1 1 1 1 1 1 1 1 1 1 1 1 1 1 1 1 1 1 1 1 1 1 1 1 1 1 1 1 1
[Region,PWRDSL001,ELC002,*,*]:
2014 2015 2016 2017 2018 2019 2020 2021 2022 2023 2024 2025 2026 2027 2028 2029 2030 2031 2032 2033 2034 2035 2036 2037 2038 2039 2040 2041 2042 2043 2044 2045:=
1 1 1 1 1 1 1 1 1 1 1 1 1 1 1 1 1 1 1 1 1 1 1 1 1 1 1 1 1 1 1 1 1
[Region,PWRDSL002,ELC001,*,*]:
2014 2015 2016 2017 2018 2019 2020 2021 2022 2023 2024 2025 2026 2027 2028 2029 2030 2031 2032 2033 2034 2035 2036 2037 2038 2039 2040 2041 2042 2043 2044 2045:=
1 1 1 1 1 1 1 1 1 1 1 1 1 1 1 1 1 1 1 1 1 1 1 1 1 1 1 1 1 1 1 1 1
[Region,PWRHFO001,ELC001,*,*]:
2014 2015 2016 2017 2018 2019 2020 2021 2022 2023 2024 2025 2026 2027 2028 2029 2030 2031 2032 2033 2034 2035 2036 2037 2038 2039 2040 2041 2042 2043 2044 2045:=
1 1 1 1 1 1 1 1 1 1 1 1 1 1 1 1 1 1 1 1 1 1 1 1 1 1 1 1 1 1 1 1 1
[Region,PWRHYD001,ELCYA03,*,*]:
2014 2015 2016 2017 2018 2019 2020 2021 2022 2023 2024 2025 2026 2027 2028 2029 2030 2031 2032 2033 2034 2035 2036 2037 2038 2039 2040 2041 2042 2043 2044 2045:=
1 1 1 1 1 1 1 1 1 1 1 1 1 1 1 1 1 1 1 1 1 1 1 1 1 1 1 1 1 1 1 1 1
[Region,PWRHYD002,ELCIT03,*,*]:
2014 2015 2016 2017 2018 2019 2020 2021 2022 2023 2024 2025 2026 2027 2028 2029 2030 2031 2032 2033 2034 2035 2036 2037 2038 2039 2040 2041 2042 2043 2044 2045:=
1 1 1 1 1 1 1 1 1 1 1 1 1 1 1 1 1 1 1 1 1 1 1 1 1 1 1 1 1 1 1 1 1
[Region,PWRHYD004,ELC001,*,*]:
2014 2015 2016 2017 2018 2019 2020 2021 2022 2023 2024 2025 2026 2027 2028 2029 2030 2031 2032 2033 2034 2035 2036 2037 2038 2039 2040 2041 2042 2043 2044 2045:=
1 1 1 1 1 1 1 1 1 1 1 1 1 1 1 1 1 1 1 1 1 1 1 1 1 1 1 1 1 1 1 1 1
[Region,PWRHYD005,ELC001,*,*]:
2014 2015 2016 2017 2018 2019 2020 2021 2022 2023 2024 2025 2026 2027 2028 2029 2030 2031 2032 2033 2034 2035 2036 2037 2038 2039 2040 2041 2042 2043 2044 2045:=
1 1 1 1 1 1 1 1 1 1 1 1 1 1 1 1 1 1 1 1 1 1 1 1 1 1 1 1 1 1 1 1 1
[Region,PWRHYD007,ELCYA03,*,*]:
2014 2015 2016 2017 2018 2019 2020 2021 2022 2023 2024 2025 2026 2027 2028 2029 2030 2031 2032 2033 2034 2035 2036 2037 2038 2039 2040 2041 2042 2043 2044 2045:=
1 1 1 1 1 1 1 1 1 1 1 1 1 1 1 1 1 1 1 1 1 1 1 1 1 1 1 1 1 1 1 1 1
[Region,PWRHYD008,ELCYA03,*,*]:
2014 2015 2016 2017 2018 2019 2020 2021 2022 2023 2024 2025 2026 2027 2028 2029 2030 2031 2032 2033 2034 2035 2036 2037 2038 2039 2040 2041 2042 2043 2044 2045:=
1 1 1 1 1 1 1 1 1 1 1 1 1 1 1 1 1 1 1 1 1 1 1 1 1 1 1 1 1 1 1 1 1
[Region,PWRHYD009,ELCYA03,*,*]:
2014 2015 2016 2017 2018 2019 2020 2021 2022 2023 2024 2025 2026 2027 2028 2029 2030 2031 2032 2033 2034 2035 2036 2037 2038 2039 2040 2041 2042 2043 2044 2045:=
1 1 1 1 1 1 1 1 1 1 1 1 1 1 1 1 1 1 1 1 1 1 1 1 1 1 1 1 1 1 1 1 1
[Region,PWRHYD1TRN,ELC001,*,*]:
2014 2015 2016 2017 2018 2019 2020 2021 2022 2023 2024 2025 2026 2027 2028 2029 2030 2031 2032 2033 2034 2035 2036 2037 2038 2039 2040 2041 2042 2043 2044 2045:=
1 1 1 1 1 1 1 1 1 1 1 1 1 1 1 1 1 1 1 1 1 1 1 1 1 1 1 1 1 1 1 1 1
[Region,PWRHYD2TRN,ELC001,*,*]:
2014 2015 2016 2017 2018 2019 2020 2021 2022 2023 2024 2025 2026 2027 2028 2029 2030 2031 2032 2033 2034 2035 2036 2037 2038 2039 2040 2041 2042 2043 2044 2045:=
1 1 1 1 1 1 1 1 1 1 1 1 1 1 1 1 1 1 1 1 1 1 1 1 1 1 1 1 1 1 1 1 1
[Region,PWRHYDPCHs,ELC001,*,*]:
2014 2015 2016 2017 2018 2019 2020 2021 2022 2023 2024 2025 2026 2027 2028 2029 2030 2031 2032 2033 2034 2035 2036 2037 2038 2039 2040 2041 2042 2043 2044 2045:=
1 1 1 1 1 1 1 1 1 1 1 1 1 1 1 1 1 1 1 1 1 1 1 1 1 1 1 1 1 1 1 1 1
[Region,PWRNGS001,ELC001,*,*]:
2014 2015 2016 2017 2018 2019 2020 2021 2022 2023 2024 2025 2026 2027 2028 2029 2030 2031 2032 2033 2034 2035 2036 2037 2038 2039 2040 2041 2042 2043 2044 2045:=
1 1 1 1 1 1 1 1 1 1 1 1 1 1 1 1 1 1 1 1 1 1 1 1 1 1 1 1 1 1 1 1 1
[Region,PWRSOL001,ELC001,*,*]:
2014 2015 2016 2017 2018 2019 2020 2021 2022 2023 2024 2025 2026 2027 2028 2029 2030 2031 2032 2033 2034 2035 2036 2037 2038 2039 2040 2041 2042 2043 2044 2045:=
1 1 1 1 1 1 1 1 1 1 1 1 1 1 1 1 1 1 1 1 1 1 1 1 1 1 1 1 1 1 1 1 1
[Region,PWRSOL002,ELC001,*,*]:
2014 2015 2016 2017 2018 2019 2020 2021 2022 2023 2024 2025 2026 2027 2028 2029 2030 2031 2032 2033 2034 2035 2036 2037 2038 2039 2040 2041 2042 2043 2044 2045:=
1 1 1 1 1 1 1 1 1 1 1 1 1 1 1 1 1 1 1 1 1 1 1 1 1 1 1 1 1 1 1 1 1
[Region,PWRSOL005C,COMELC,*,*]:
2014 2015 2016 2017 2018 2019 2020 2021 2022 2023 2024 2025 2026 2027 2028 2029 2030 2031 2032 2033 2034 2035 2036 2037 2038 2039 2040 2041 2042 2043 2044 2045:=
1 1 1 1 1 1 1 1 1 1 1 1 1 1 1 1 1 1 1 1 1 1 1 1 1 1 1 1 1 1 1 1 1
[Region,PWRSOL006R,RESELC,*,*]:
2014 2015 2016 2017 2018 2019 2020 2021 2022 2023 2024 2025 2026 2027 2028 2029 2030 2031 2032 2033 2034 2035 2036 2037 2038 2039 2040 2041 2042 2043 2044 2045:=
1 1 1 1 1 1 1 1 1 1 1 1 1 1 1 1 1 1 1 1 1 1 1 1 1 1 1 1 1 1 1 1 1
[Region,PWRWAS001,ELC001,*,*]:
2014 2015 2016 2017 2018 2019 2020 2021 2022 2023 2024 2025 2026 2027 2028 2029 2030 2031 2032 2033 2034 2035 2036 2037 2038 2039 2040 2041 2042 2043 2044 2045:=
1 1 1 1 1 1 1 1 1 1 1 1 1 1 1 1 1 1 1 1 1 1 1 1 1 1 1 1 1 1 1 1 1
[Region,PWRWND001,ELC001,*,*]:
2014 2015 2016 2017 2018 2019 2020 2021 2022 2023 2024 2025 2026 2027 2028 2029 2030 2031 2032 2033 2034 2035 2036 2037 2038 2039 2040 2041 2042 2043 2044 2045:=
1 1 1 1 1 1 1 1 1 1 1 1 1 1 1 1 1 1 1 1 1 1 1 1 1 1 1 1 1 1 1 1 1
[Region,PWRWND002,ELC001,*,*]:
2014 2015 2016 2017 2018 2019 2020 2021 2022 2023 2024 2025 2026 2027 2028 2029 2030 2031 2032 2033 2034 2035 2036 2037 2038 2039 2040 2041 2042 2043 2044 2045:=
1 1 1 1 1 1 1 1 1 1 1 1 1 1 1 1 1 1 1 1 1 1 1 1 1 1 1 1 1 1 1 1 1
[Region,PWRXXXTRN,ELC002,*,*]:
2014 2015 2016 2017 2018 2019 2020 2021 2022 2023 2024 2025 2026 2027 2028 2029 2030 2031 2032 2033 2034 2035 2036 2037 2038 2039 2040 2041 2042 2043 2044 2045:=
1 0.939 0.9521 0.951 0.9598 0.9558 0.952 0.955 0.953 0.951 0.949 0.9469 0.9448 0.9425 0.94656 0.94665 0.94675 0.94684 0.94693 0.94703 0.94712 0.94721 0.9473 0.94739 0.94749 0.94758 0.94767 0.94776 0.94785 0.94794 0.94803 0.94812 0.94821
[Region,RNWHYD,HYD,*,*]:
2014 2015 2016 2017 2018 2019 2020 2021 2022 2023 2024 2025 2026 2027 2028 2029 2030 2031 2032 2033 2034 2035 2036 2037 2038 2039 2040 2041 2042 2043 2044 2045:=
1 1 1 1 1 1 1 1 1 1 1 1 1 1 1 1 1 1 1 1 1 1 1 1 1 1 1 1 1 1 1 1 1
[Region,RNWSOL,SOL,*,*]:
2014 2015 2016 2017 2018 2019 2020 2021 2022 2023 2024 2025 2026 2027 2028 2029 2030 2031 2032 2033 2034 2035 2036 2037 2038 2039 2040 2041 2042 2043 2044 2045:=
1 1 1 1 1 1 1 1 1 1 1 1 1 1 1 1 1 1 1 1 1 1 1 1 1 1 1 1 1 1 1 1 1
[Region,RNWWAS,WAS,*,*]:
2014 2015 2016 2017 2018 2019 2020 2021 2022 2023 2024 2025 2026 2027 2028 2029 2030 2031 2032 2033 2034 2035 2036 2037 2038 2039 2040 2041 2042 2043 2044 2045:=
1 1 1 1 1 1 1 1 1 1 1 1 1 1 1 1 1 1 1 1 1 1 1 1 1 1 1 1 1 1 1 1 1
[Region,RNWWND,WND,*,*]:
2014 2015 2016 2017 2018 2019 2020 2021 2022 2023 2024 2025 2026 2027 2028 2029 2030 2031 2032 2033 2034 2035 2036 2037 2038 2039 2040 2041 2042 2043 2044 2045:=
1 1 1 1 1 1 1 1 1 1 1 1 1 1 1 1 1 1 1 1 1 1 1 1 1 1 1 1 1 1 1 1 1
[Region,UPSCRU001,DSL,*,*]:
2014 2015 2016 2017 2018 2019 2020 2021 2022 2023 2024 2025 2026 2027 2028 2029 2030 2031 2032 2033 2034 2035 2036 2037 2038 2039 2040 2041 2042 2043 2044 2045:=
1 0.3257 0.3257 0.3257 0.3257 0.3257 0.3257 0.3257 0.3257 0.3257 0.3257 0.3257 0.3257 0.3257 0.3257 0.3257 0.3257 0.3257 0.3257 0.3257 0.3257 0.3257 0.3257 0.3257 0.3257 0.3257 0.3257 0.3257 0.3257 0.3257 0.3257 0.3257 0.3257
[Region,UPSCRU001,GSL,*,*]:
2014 2015 2016 2017 2018 2019 2020 2021 2022 2023 2024 2025 2026 2027 2028 2029 2030 2031 2032 2033 2034 2035 2036 2037 2038 2039 2040 2041 2042 2043 2044 2045:=
1 0.1515 0.1515 0.1515 0.1515 0.1515 0.1515 0.1515 0.1515 0.1515 0.1515 0.1515 0.1515 0.1515 0.1515 0.1515 0.1515 0.1515 0.1515 0.1515 0.1515 0.1515 0.1515 0.1515 0.1515 0.1515 0.1515 0.1515 0.1515 0.1515 0.1515 0.1515 0.1515
[Region,UPSCRU001,HFO,*,*]:
2014 2015 2016 2017 2018 2019 2020 2021 2022 2023 2024 2025 2026 2027 2028 2029 2030 2031 2032 2033 2034 2035 2036 2037 2038 2039 2040 2041 2042 2043 2044 2045:=
1 0.4316 0.4316 0.4316 0.4316 0.4316 0.4316 0.4316 0.4316 0.4316 0.4316 0.4316 0.4316 0.4316 0.4316 0.4316 0.4316 0.4316 0.4316 0.4316 0.4316 0.4316 0.4316 0.4316 0.4316 0.4316 0.4316 0.4316 0.4316 0.4316 0.4316 0.4316 0.4316
[Region,UPSCRU001,LPG,*,*]:
2014 2015 2016 2017 2018 2019 2020 2021 2022 2023 2024 2025 2026 2027 2028 2029 2030 2031 2032 2033 2034 2035 2036 2037 2038 2039 2040 2041 2042 2043 2044 2045:=
1 0.0168 0.0168 0.0168 0.0168 0.0168 0.0168 0.0168 0.0168 0.0168 0.0168 0.0168 0.0168 0.0168 0.0168 0.0168 0.0168 0.0168 0.0168 0.0168 0.0168 0.0168 0.0168 0.0168 0.0168 0.0168 0.0168 0.0168 0.0168 0.0168 0.0168 0.0168 0.0168
;

param REMinProductionTarget default 0 :=
;

param RETagFuel default 0 :=
;

param RETagTechnology default 0 :=
;

param ReserveMargin default 0 :
2014 2015 2016 2017 2018 2019 2020 2021 2022 2023 2024 2025 2026 2027 2028 2029 2030 2031 2032 2033 2034 2035 2036 2037 2038 2039 2040 2041 2042 2043 2044 2045:=
Region 0.2 0.2 0.2 0.2 0.2 0.2 0.2 0.2 0.2 0.2 0.2 0.2 0.2 0.2 0.2 0.2 0.2 0.2 0.2 0.2 0.2 0.2 0.2 0.2 0.2 0.2 0.2 0.2 0.2 0.2 0.2 0.2
;

param ReserveMarginTagFuel default 0 :=
[Region,*,*]:
2014 2015 2016 2017 2018 2019 2020 2021 2022 2023 2024 2025 2026 2027 2028 2029 2030 2031 2032 2033 2034 2035 2036 2037 2038 2039 2040 2041 2042 2043 2044 2045:=
ELC001 1 1 1 1 1 1 1 1 1 1 1 1 1 1 1 1 1 1 1 1 1 1 1 1 1 1 1 1 1 1 1 1
;

param ReserveMarginTagTechnology default 0 :=
[Region,*,*]:
2014 2015 2016 2017 2018 2019 2020 2021 2022 2023 2024 2025 2026 2027 2028 2029 2030 2031 2032 2033 2034 2035 2036 2037 2038 2039 2040 2041 2042 2043 2044 2045:=
PWRBIO001 1 1 1 1 1 1 1 1 1 1 1 1 1 1 1 1 1 1 1 1 1 1 1 1 1 1 1 1 1 1 1 1
PWRDSL001 1 1 1 1 1 1 1 1 1 1 1 1 1 1 1 1 1 1 1 1 1 1 1 1 1 1 1 1 1 1 1 1
PWRDSL002 1 1 1 1 1 1 1 1 1 1 1 1 1 1 1 1 1 1 1 1 1 1 1 1 1 1 1 1 1 1 1 1
PWRHFO001 1 1 1 1 1 1 1 1 1 1 1 1 1 1 1 1 1 1 1 1 1 1 1 1 1 1 1 1 1 1 1 1
PWRHYD001 1 1 1 1 1 1 1 1 1 1 1 1 1 1 1 1 1 1 1 1 1 1 1 1 1 1 1 1 1 1 1 1
PWRHYD002 1 1 1 1 1 1 1 1 1 1 1 1 1 1 1 1 1 1 1 1 1 1 1 1 1 1 1 1 1 1 1 1
PWRHYD004 1 1 1 1 1 1 1 1 1 1 1 1 1 1 1 1 1 1 1 1 1 1 1 1 1 1 1 1 1 1 1 1
PWRHYD005 1 1 1 1 1 1 1 1 1 1 1 1 1 1 1 1 1 1 1 1 1 1 1 1 1 1 1 1 1 1 1 1
PWRHYD007 1 1 1 1 1 1 1 1 1 1 1 1 1 1 1 1 1 1 1 1 1 1 1 1 1 1 1 1 1 1 1 1
PWRHYD008 1 1 1 1 1 1 1 1 1 1 1 1 1 1 1 1 1 1 1 1 1 1 1 1 1 1 1 1 1 1 1 1
PWRHYD009 1 1 1 1 1 1 1 1 1 1 1 1 1 1 1 1 1 1 1 1 1 1 1 1 1 1 1 1 1 1 1 1
PWRHYDPCHs 1 1 1 1 1 1 1 1 1 1 1 1 1 1 1 1 1 1 1 1 1 1 1 1 1 1 1 1 1 1 1 1
PWRNGS001 1 1 1 1 1 1 1 1 1 1 1 1 1 1 1 1 1 1 1 1 1 1 1 1 1 1 1 1 1 1 1 1
PWRWAS001 1 1 1 1 1 1 1 1 1 1 1 1 1 1 1 1 1 1 1 1 1 1 1 1 1 1 1 1 1 1 1 1
;

param ResidualCapacity default 0 :=
[Region,*,*]:
2014 2015 2016 2017 2018 2019 2020 2021 2022 2023 2024 2025 2026 2027 2028 2029 2030 2031 2032 2033 2034 2035 2036 2037 2038 2039 2040 2041 2042 2043 2044 2045:=
EXPELCIT 6.1 6.1 6.1 6.1 6.1 6.1 6.1 6.1 6.1 6.1 6.1 6.1 6.1 6.1 6.1 6.1 6.1 6.1 6.1 6.1 6.1 6.1 6.1 6.1 6.1 6.1 6.1 6.1 6.1 6.1 6.1 6.1
EXPELCYA 3 3 3 3 3 3 3 3 3 3 3 3 3 3 3 3 3 3 3 3 3 3 3 3 3 3 3 3 3 3 3 3
PWRDSL001 0.02697 0.02697 0.02697 0.02697 0.02697 0.02697 0.02697 0.0263605 0.025751 0.0251415 0.024532 0.0239225 0.023313 0.0227035 0.022094 0.0214845 0.020875 0.020875 0.020875 0.020875 0.020875 0.020875 0.020875 0.020875 0.020875 0 0 0 0 0 0 0
PWRHYD001 1.6 1.6 1.6 1.6 1.6 1.6 1.6 1.6 1.6 1.6 1.6 1.6 1.6 1.6 1.6 1.6 1.6 1.6 1.6 1.6 1.6 1.6 1.6 1.6 1.6 1.6 1.6 1.6 1.6 1.6 1.6 1.6
PWRHYD002 7 7 7 7 7 7 7 7 7 7 7 7 7 7 7 7 7 7 7 7 7 7 7 7 7 7 7 7 7 7 7 7
PWRHYD004 0.21 0.21 0.21 0.21 0.21 0.21 0.21 0.21 0.21 0.21 0.21 0.21 0.21 0.21 0.21 0.21 0.21 0.21 0.21 0.21 0.21 0.21 0.21 0.21 0.21 0.21 0.21 0.21 0.21 0.21 0.21 0.21
PWRHYD1TRN 0.35 0.35 0.35 0.35 0.35 0.35 0.35 0.35 0.35 0.35 0.35 0.35 0.35 0.35 0.35 0.35 0.35 0.35 0.35 0.35 0.35 0.35 0.35 0.35 0.35 0.35 0.35 0.35 0.35 0.35 0.35 0.35
PWRHYD2TRN 1.6 1.6 1.6 1.6 1.6 1.6 1.6 1.6 1.6 1.6 1.6 1.6 1.6 1.6 1.6 1.6 1.6 1.6 1.6 1.6 1.6 1.6 1.6 1.6 1.6 1.6 1.6 1.6 1.6 1.6 1.6 1.6
;

param SpecifiedAnnualDemand default 0 :=
[Region,*,*]:
2014 2015 2016 2017 2018 2019 2020 2021 2022 2023 2024 2025 2026 2027 2028 2029 2030 2031 2032 2033 2034 2035 2036 2037 2038 2039 2040 2041 2042 2043 2044 2045:=
COMELC 12.4236 13.11239057 8.550760293 15.21437043 16.84279313 18.32747485 19.66841559 20.86561535 21.91907413 22.82879193 23.89118569 24.95357513 26.01596024 27.07834101 28.14071746 29.20308959 30.26545738 31.63372012 32.99995284 34.36415552 35.72632818 37.08647081 38.44458341 39.80066598 41.15471852 42.50674103 43.85673352 45.28285388 46.75534841 48.27572508 49.84554092 51.46640356
INDELC 7.272 7.675175005 13.44220676 10.80540554 13.29432136 16.01750777 18.97496475 22.16669231 25.59269045 29.25295917 30.3139376 31.34819472 32.35573054 33.33654507 34.2906383 35.21801023 36.11866086 37.65572067 39.18193514 40.69730427 42.20182806 43.69550651 45.17833962 46.65032738 48.11146981 49.56176689 51.00121864 52.65966127 54.37203265 56.14008642 57.96563324 59.85054266
RESELC 15.5628 16.42563443 16.77543295 19.2945822 21.72320185 24.0612919 26.30885235 28.4658832 30.53238445 32.5083561 34.32177214 36.16191381 38.0287811 39.92237403 41.84269258 43.78973676 45.76350656 48.01380953 50.27698786 52.55304157 54.84197064 57.14377508 59.45845489 61.78601008 64.12644063 66.47974655 68.84592784 71.08463948 73.39614889 75.78282328 78.24710684 80.79152325
;

param SpecifiedDemandProfile default 0 :=
[Region,COMELC,*,*]:
2014 2015 2016 2017 2018 2019 2020 2021 2022 2023 2024 2025 2026 2027 2028 2029 2030 2031 2032 2033 2034 2035 2036 2037 2038 2039 2040 2041 2042 2043 2044 2045:=
S01D 0.16998 0.16998 0.16998 0.16998 0.16998 0.16998 0.16998 0.16998 0.16998 0.16998 0.16998 0.16998 0.16998 0.16998 0.16998 0.16998 0.16998 0.16998 0.16998 0.16998 0.16998 0.16998 0.16998 0.16998 0.16998 0.16998 0.16998 0.16998 0.16998 0.16998 0.16998 0.16998
S02P 0.02831 0.02831 0.02831 0.02831 0.02831 0.02831 0.02831 0.02831 0.02831 0.02831 0.02831 0.02831 0.02831 0.02831 0.02831 0.02831 0.02831 0.02831 0.02831 0.02831 0.02831 0.02831 0.02831 0.02831 0.02831 0.02831 0.02831 0.02831 0.02831 0.02831 0.02831 0.02831
S03N 0.09835 0.09835 0.09835 0.09835 0.09835 0.09835 0.09835 0.09835 0.09835 0.09835 0.09835 0.09835 0.09835 0.09835 0.09835 0.09835 0.09835 0.09835 0.09835 0.09835 0.09835 0.09835 0.09835 0.09835 0.09835 0.09835 0.09835 0.09835 0.09835 0.09835 0.09835 0.09835
SP01D 0.14381 0.14381 0.14381 0.14381 0.14381 0.14381 0.14381 0.14381 0.14381 0.14381 0.14381 0.14381 0.14381 0.14381 0.14381 0.14381 0.14381 0.14381 0.14381 0.14381 0.14381 0.14381 0.14381 0.14381 0.14381 0.14381 0.14381 0.14381 0.14381 0.14381 0.14381 0.14381
SP02P 0.02501 0.02501 0.02501 0.02501 0.02501 0.02501 0.02501 0.02501 0.02501 0.02501 0.02501 0.02501 0.02501 0.02501 0.02501 0.02501 0.02501 0.02501 0.02501 0.02501 0.02501 0.02501 0.02501 0.02501 0.02501 0.02501 0.02501 0.02501 0.02501 0.02501 0.02501 0.02501
SP03N 0.07554 0.07554 0.07554 0.07554 0.07554 0.07554 0.07554 0.07554 0.07554 0.07554 0.07554 0.07554 0.07554 0.07554 0.07554 0.07554 0.07554 0.07554 0.07554 0.07554 0.07554 0.07554 0.07554 0.07554 0.07554 0.07554 0.07554 0.07554 0.07554 0.07554 0.07554 0.07554
W01D 0.21426 0.21426 0.21426 0.21426 0.21426 0.21426 0.21426 0.21426 0.21426 0.21426 0.21426 0.21426 0.21426 0.21426 0.21426 0.21426 0.21426 0.21426 0.21426 0.21426 0.21426 0.21426 0.21426 0.21426 0.21426 0.21426 0.21426 0.21426 0.21426 0.21426 0.21426 0.21426
W02P 0.04905 0.04905 0.04905 0.04905 0.04905 0.04905 0.04905 0.04905 0.04905 0.04905 0.04905 0.04905 0.04905 0.04905 0.04905 0.04905 0.04905 0.04905 0.04905 0.04905 0.04905 0.04905 0.04905 0.04905 0.04905 0.04905 0.04905 0.04905 0.04905 0.04905 0.04905 0.04905
W03N 0.19569 0.19569 0.19569 0.19569 0.19569 0.19569 0.19569 0.19569 0.19569 0.19569 0.19569 0.19569 0.19569 0.19569 0.19569 0.19569 0.19569 0.19569 0.19569 0.19569 0.19569 0.19569 0.19569 0.19569 0.19569 0.19569 0.19569 0.19569 0.19569 0.19569 0.19569 0.19569
[Region,INDELC,*,*]:
2014 2015 2016 2017 2018 2019 2020 2021 2022 2023 2024 2025 2026 2027 2028 2029 2030 2031 2032 2033 2034 2035 2036 2037 2038 2039 2040 2041 2042 2043 2044 2045:=
S01D 0.16998 0.16998 0.16998 0.16998 0.16998 0.16998 0.16998 0.16998 0.16998 0.16998 0.16998 0.16998 0.16998 0.16998 0.16998 0.16998 0.16998 0.16998 0.16998 0.16998 0.16998 0.16998 0.16998 0.16998 0.16998 0.16998 0.16998 0.16998 0.16998 0.16998 0.16998 0.16998
S02P 0.02831 0.02831 0.02831 0.02831 0.02831 0.02831 0.02831 0.02831 0.02831 0.02831 0.02831 0.02831 0.02831 0.02831 0.02831 0.02831 0.02831 0.02831 0.02831 0.02831 0.02831 0.02831 0.02831 0.02831 0.02831 0.02831 0.02831 0.02831 0.02831 0.02831 0.02831 0.02831
S03N 0.09835 0.09835 0.09835 0.09835 0.09835 0.09835 0.09835 0.09835 0.09835 0.09835 0.09835 0.09835 0.09835 0.09835 0.09835 0.09835 0.09835 0.09835 0.09835 0.09835 0.09835 0.09835 0.09835 0.09835 0.09835 0.09835 0.09835 0.09835 0.09835 0.09835 0.09835 0.09835
SP01D 0.14381 0.14381 0.14381 0.14381 0.14381 0.14381 0.14381 0.14381 0.14381 0.14381 0.14381 0.14381 0.14381 0.14381 0.14381 0.14381 0.14381 0.14381 0.14381 0.14381 0.14381 0.14381 0.14381 0.14381 0.14381 0.14381 0.14381 0.14381 0.14381 0.14381 0.14381 0.14381
SP02P 0.02501 0.02501 0.02501 0.02501 0.02501 0.02501 0.02501 0.02501 0.02501 0.02501 0.02501 0.02501 0.02501 0.02501 0.02501 0.02501 0.02501 0.02501 0.02501 0.02501 0.02501 0.02501 0.02501 0.02501 0.02501 0.02501 0.02501 0.02501 0.02501 0.02501 0.02501 0.02501
SP03N 0.07554 0.07554 0.07554 0.07554 0.07554 0.07554 0.07554 0.07554 0.07554 0.07554 0.07554 0.07554 0.07554 0.07554 0.07554 0.07554 0.07554 0.07554 0.07554 0.07554 0.07554 0.07554 0.07554 0.07554 0.07554 0.07554 0.07554 0.07554 0.07554 0.07554 0.07554 0.07554
W01D 0.21426 0.21426 0.21426 0.21426 0.21426 0.21426 0.21426 0.21426 0.21426 0.21426 0.21426 0.21426 0.21426 0.21426 0.21426 0.21426 0.21426 0.21426 0.21426 0.21426 0.21426 0.21426 0.21426 0.21426 0.21426 0.21426 0.21426 0.21426 0.21426 0.21426 0.21426 0.21426
W02P 0.04905 0.04905 0.04905 0.04905 0.04905 0.04905 0.04905 0.04905 0.04905 0.04905 0.04905 0.04905 0.04905 0.04905 0.04905 0.04905 0.04905 0.04905 0.04905 0.04905 0.04905 0.04905 0.04905 0.04905 0.04905 0.04905 0.04905 0.04905 0.04905 0.04905 0.04905 0.04905
W03N 0.19569 0.19569 0.19569 0.19569 0.19569 0.19569 0.19569 0.19569 0.19569 0.19569 0.19569 0.19569 0.19569 0.19569 0.19569 0.19569 0.19569 0.19569 0.19569 0.19569 0.19569 0.19569 0.19569 0.19569 0.19569 0.19569 0.19569 0.19569 0.19569 0.19569 0.19569 0.19569
[Region,RESELC,*,*]:
2014 2015 2016 2017 2018 2019 2020 2021 2022 2023 2024 2025 2026 2027 2028 2029 2030 2031 2032 2033 2034 2035 2036 2037 2038 2039 2040 2041 2042 2043 2044 2045:=
S01D 0.16998 0.16998 0.16998 0.16998 0.16998 0.16998 0.16998 0.16998 0.16998 0.16998 0.16998 0.16998 0.16998 0.16998 0.16998 0.16998 0.16998 0.16998 0.16998 0.16998 0.16998 0.16998 0.16998 0.16998 0.16998 0.16998 0.16998 0.16998 0.16998 0.16998 0.16998 0.16998
S02P 0.02831 0.02831 0.02831 0.02831 0.02831 0.02831 0.02831 0.02831 0.02831 0.02831 0.02831 0.02831 0.02831 0.02831 0.02831 0.02831 0.02831 0.02831 0.02831 0.02831 0.02831 0.02831 0.02831 0.02831 0.02831 0.02831 0.02831 0.02831 0.02831 0.02831 0.02831 0.02831
S03N 0.09835 0.09835 0.09835 0.09835 0.09835 0.09835 0.09835 0.09835 0.09835 0.09835 0.09835 0.09835 0.09835 0.09835 0.09835 0.09835 0.09835 0.09835 0.09835 0.09835 0.09835 0.09835 0.09835 0.09835 0.09835 0.09835 0.09835 0.09835 0.09835 0.09835 0.09835 0.09835
SP01D 0.14381 0.14381 0.14381 0.14381 0.14381 0.14381 0.14381 0.14381 0.14381 0.14381 0.14381 0.14381 0.14381 0.14381 0.14381 0.14381 0.14381 0.14381 0.14381 0.14381 0.14381 0.14381 0.14381 0.14381 0.14381 0.14381 0.14381 0.14381 0.14381 0.14381 0.14381 0.14381
SP02P 0.02501 0.02501 0.02501 0.02501 0.02501 0.02501 0.02501 0.02501 0.02501 0.02501 0.02501 0.02501 0.02501 0.02501 0.02501 0.02501 0.02501 0.02501 0.02501 0.02501 0.02501 0.02501 0.02501 0.02501 0.02501 0.02501 0.02501 0.02501 0.02501 0.02501 0.02501 0.02501
SP03N 0.07554 0.07554 0.07554 0.07554 0.07554 0.07554 0.07554 0.07554 0.07554 0.07554 0.07554 0.07554 0.07554 0.07554 0.07554 0.07554 0.07554 0.07554 0.07554 0.07554 0.07554 0.07554 0.07554 0.07554 0.07554 0.07554 0.07554 0.07554 0.07554 0.07554 0.07554 0.07554
W01D 0.21426 0.21426 0.21426 0.21426 0.21426 0.21426 0.21426 0.21426 0.21426 0.21426 0.21426 0.21426 0.21426 0.21426 0.21426 0.21426 0.21426 0.21426 0.21426 0.21426 0.21426 0.21426 0.21426 0.21426 0.21426 0.21426 0.21426 0.21426 0.21426 0.21426 0.21426 0.21426
W02P 0.04905 0.04905 0.04905 0.04905 0.04905 0.04905 0.04905 0.04905 0.04905 0.04905 0.04905 0.04905 0.04905 0.04905 0.04905 0.04905 0.04905 0.04905 0.04905 0.04905 0.04905 0.04905 0.04905 0.04905 0.04905 0.04905 0.04905 0.04905 0.04905 0.04905 0.04905 0.04905
W03N 0.19569 0.19569 0.19569 0.19569 0.19569 0.19569 0.19569 0.19569 0.19569 0.19569 0.19569 0.19569 0.19569 0.19569 0.19569 0.19569 0.19569 0.19569 0.19569 0.19569 0.19569 0.19569 0.19569 0.19569 0.19569 0.19569 0.19569 0.19569 0.19569 0.19569 0.19569 0.19569
;

param TotalAnnualMaxCapacity default 999999999 :=
[Region,*,*]:
2014 2015 2016 2017 2018 2019 2020 2021 2022 2023 2024 2025 2026 2027 2028 2029 2030 2031 2032 2033 2034 2035 2036 2037 2038 2039 2040 2041 2042 2043 2044 2045:=
EXPELC 0 0 0 0 0 0 0 0 0 0 0 0 0 0 0 0 0 0 0 0 0 0 0 0 0 0 0 0 0 0 0 0
EXPELCIT 6.1 6.1 6.1 6.1 6.1 6.1 6.1 6.1 6.1 6.1 6.1 6.1 6.1 6.1 6.1 6.1 6.1 6.1 6.1 6.1 6.1 6.1 6.1 6.1 6.1 6.1 6.1 6.1 6.1 6.1 6.1 6.1
EXPELCYA 3 3 3 3 3 3 3 3 3 3 3 3 3 3 3 3 3 3 3 3 3 3 3 3 3 3 3 3 3 3 3 3
IMPELC 9.1 9.1 9.1 9.1 9.1 9.1 9.1 9.1 9.1 9.1 9.1 9.1 9.1 9.1 9.1 9.1 9.1 9.1 9.1 9.1 9.1 9.1 9.1 9.1 9.1 9.1 9.1 9.1 9.1 9.1 9.1 9.1
PWRHYD004 0.21 0.21 0.21 0.21 0.21 0.21 0.21 0.21 0.21 0.21 0.21 0.21 0.21 0.21 0.21 0.21 0.275 0.275 0.275 0.275 0.275 0.35 0.35 0.35 0.35 0.35 0.35 0.35 0.35 0.35 0.35 0.35
PWRHYD005 0 0 0 0 0 0 0 0 0 0 0 0 2 2 2 2 2 2 2 2 2 2 2 2 2 2 2 2 2 2 2 2
PWRHYD007 0 0 0 0 0 0 0 0 0 0 0 0 0.27 0.27 0.27 0.27 0.27 0.27 0.27 0.27 0.27 0.27 0.27 0.27 0.27 0.27 0.27 0.27 0.27 0.27 0.27 0.27
PWRHYD008 0 0 0 0 0 0 0 0 0 0 0 0 0.8 0.8 0.8 0.8 0.8 0.8 0.8 0.8 0.8 0.8 0.8 0.8 0.8 0.8 0.8 0.8 0.8 0.8 0.8 0.8
PWRHYD009 0 0 0 0 0 0 0 0 0 0 0 0 1.4375 1.4375 1.4375 1.4375 1.4375 1.4375 1.4375 1.4375 1.4375 1.4375 1.4375 1.4375 1.4375 1.4375 1.4375 1.4375 1.4375 1.4375 1.4375 1.4375
PWRHYDPCHs 0 0 0 0 0 0.00512 0.03846 0.06172 0.08727 0.10484 0.19649 0.19649 0.19649 0.19649 0.19649 0.19649 0.19649 0.19649 0.19649 0.19649 0.19649 0.19649 0.19649 0.19649 0.19649 0.19649 0.19649 0.19649 0.19649 0.19649 0.19649 0.19649
PWRNGS001 0 0 0 0 0 0 0 0 0 0 0 0 0 0 0 0 0 0 999999999 999999999 999999999 999999999 999999999 999999999 999999999 999999999 999999999 999999999 999999999 999999999 999999999 999999999
PWRSOL001 0 0 0 0 0 0 0 0 0 0 0 0 0 0 0 0 0 0 0 0 0 0 0 0 0 0 0 0 0 0 0 0
PWRSOL002 0 0 0 0 0 0 0 0 0.5 0.5 0.5 0.5 0.5 0.5 0.5 0.5 0.5 0.5 0.5 0.5 0.5 0.5 0.5 0.5 0.5 0.5 0.5 0.5 0.5 0.5 0.5 0.5
PWRSOL005C 0 0 0 0 0 0 0 0 0 0 0 0 0 0 0 0 0 0 0 0 0 0 0 0 0 0 0 0 0 0 0 0
PWRSOL006R 0 0 0 0 0 0 0 0 0 0 0 0 0 0 0 0 0 0 0 0 0 0 0 0 0 0 0 0 0 0 0 0
PWRWND001 0 0 0 0 0 0 0 0 0.5 0.5 0.5 0.5 0.5 0.5 0.5 0.5 0.5 0.5 0.5 0.5 0.5 0.5 0.5 0.5 0.5 0.5 0.5 0.5 0.5 0.5 0.5 0.5
PWRWND002 0 0 0 0 0 0 0 0 0.5 0.5 0.5 0.5 0.5 0.5 0.5 0.5 0.5 0.5 0.5 0.5 0.5 0.5 0.5 0.5 0.5 0.5 0.5 0.5 0.5 0.5 0.5 0.5
UPSCRU001 0 0 0 0 0 0 0 0 0 0 0 0 0 0 0 0 0 0 0 0 0 0 0 0 0 0 0 0 0 0 0 0
;

param TotalAnnualMaxCapacityInvestment default 9999999 :=
[Region,*,*]:
2014 2015 2016 2017 2018 2019 2020 2021 2022 2023 2024 2025 2026 2027 2028 2029 2030 2031 2032 2033 2034 2035 2036 2037 2038 2039 2040 2041 2042 2043 2044 2045:=
PWRDSL001 0 0 0 0 0 0 0 0 0 0 0 0 0 0 0 0 0 0 0 0 0 0 0 0 0 0 0 0 0 0 0 0
PWRHYD001 0 0 0 0 0 0 0 0 0 0 0 0 0 0 0 0 0 0 0 0 0 0 0 0 0 0 0 0 0 0 0 0
PWRHYD002 0 0 0 0 0 0 0 0 0 0 0 0 0 0 0 0 0 0 0 0 0 0 0 0 0 0 0 0 0 0 0 0
PWRHYD004 9999999 9999999 9999999 9999999 9999999 9999999 9999999 9999999 9999999 9999999 9999999 9999999 9999999 9999999 9999999 9999999 0.065 9999999 9999999 9999999 9999999 0.075 9999999 9999999 9999999 9999999 9999999 9999999 9999999 9999999 9999999 9999999
PWRHYD005 0 0 0 0 0 0 0 0 0 0 0 0 9999999 9999999 9999999 9999999 9999999 9999999 9999999 9999999 9999999 9999999 9999999 9999999 9999999 9999999 9999999 9999999 9999999 9999999 9999999 9999999
PWRHYD007 0 0 0 0 0 0 0 0 0 0 0 0 0.27 0.27 0.27 0.27 0.27 0.27 0.27 0.27 0.27 0.27 0.27 0.27 0.27 0.27 0.27 0.27 0.27 0.27 0.27 0.27
PWRHYD008 0 0 0 0 0 0 0 0 0 0 0 0 0.8 0.8 0.8 0.8 0.8 0.8 0.8 0.8 0.8 0.8 0.8 0.8 0.8 0.8 0.8 0.8 0.8 0.8 0.8 0.8
PWRHYD009 0 0 0 0 0 0 0 0 0 0 0 0 1.4375 1.4375 1.4375 1.4375 1.4375 1.4375 1.4375 1.4375 1.4375 1.4375 1.4375 1.4375 1.4375 1.4375 1.4375 1.4375 1.4375 1.4375 1.4375 1.4375
PWRHYDPCHs 0 0 0 0 0 0.00512 0.03846 0.06172 0.08727 0.10484 0.19649 0.19649 0.19649 0.19649 0.19649 0.19649 0.19649 0.19649 0.19649 0.19649 0.19649 0.19649 0.19649 0.19649 0.19649 0.19649 0.19649 0.19649 0.19649 0.19649 0.19649 0.19649
;

param TotalAnnualMinCapacity default 0 :=
;

param TotalAnnualMinCapacityInvestment default 0 :=
;

param TotalTechnologyAnnualActivityLowerLimit default 0 :=
;

param TotalTechnologyAnnualActivityUpperLimit default 99999 :=
;

param TotalTechnologyModelPeriodActivityLowerLimit default 0 :=
;

param TotalTechnologyModelPeriodActivityUpperLimit default 9999999999999 :=
;

param TradeRoute default 0 :=
;

param VariableCost default 0.001 :=
[Region,DEMCOMELC,*,*]:
2014 2015 2016 2017 2018 2019 2020 2021 2022 2023 2024 2025 2026 2027 2028 2029 2030 2031 2032 2033 2034 2035 2036 2037 2038 2039 2040 2041 2042 2043 2044 2045:=
1 0 0 0 0 0 0 0 0 0 0 0 0 0 0 0 0 0 0 0 0 0 0 0 0 0 0 0 0 0 0 0 0
[Region,DEMINDELC,*,*]:
2014 2015 2016 2017 2018 2019 2020 2021 2022 2023 2024 2025 2026 2027 2028 2029 2030 2031 2032 2033 2034 2035 2036 2037 2038 2039 2040 2041 2042 2043 2044 2045:=
1 0 0 0 0 0 0 0 0 0 0 0 0 0 0 0 0 0 0 0 0 0 0 0 0 0 0 0 0 0 0 0 0
[Region,DEMPWRBIO,*,*]:
2014 2015 2016 2017 2018 2019 2020 2021 2022 2023 2024 2025 2026 2027 2028 2029 2030 2031 2032 2033 2034 2035 2036 2037 2038 2039 2040 2041 2042 2043 2044 2045:=
1 0 0 0 0 0 0 0 0 0 0 0 0 0 0 0 0 0 0 0 0 0 0 0 0 0 0 0 0 0 0 0 0
[Region,DEMPWRDSL,*,*]:
2014 2015 2016 2017 2018 2019 2020 2021 2022 2023 2024 2025 2026 2027 2028 2029 2030 2031 2032 2033 2034 2035 2036 2037 2038 2039 2040 2041 2042 2043 2044 2045:=
1 0 0 0 0 0 0 0 0 0 0 0 0 0 0 0 0 0 0 0 0 0 0 0 0 0 0 0 0 0 0 0 0
[Region,DEMPWRHFO,*,*]:
2014 2015 2016 2017 2018 2019 2020 2021 2022 2023 2024 2025 2026 2027 2028 2029 2030 2031 2032 2033 2034 2035 2036 2037 2038 2039 2040 2041 2042 2043 2044 2045:=
1 0 0 0 0 0 0 0 0 0 0 0 0 0 0 0 0 0 0 0 0 0 0 0 0 0 0 0 0 0 0 0 0
[Region,DEMPWRHYD,*,*]:
2014 2015 2016 2017 2018 2019 2020 2021 2022 2023 2024 2025 2026 2027 2028 2029 2030 2031 2032 2033 2034 2035 2036 2037 2038 2039 2040 2041 2042 2043 2044 2045:=
1 0 0 0 0 0 0 0 0 0 0 0 0 0 0 0 0 0 0 0 0 0 0 0 0 0 0 0 0 0 0 0 0
[Region,DEMPWRNGS,*,*]:
2014 2015 2016 2017 2018 2019 2020 2021 2022 2023 2024 2025 2026 2027 2028 2029 2030 2031 2032 2033 2034 2035 2036 2037 2038 2039 2040 2041 2042 2043 2044 2045:=
1 0 0 0 0 0 0 0 0 0 0 0 0 0 0 0 0 0 0 0 0 0 0 0 0 0 0 0 0 0 0 0 0
[Region,DEMPWRSOL,*,*]:
2014 2015 2016 2017 2018 2019 2020 2021 2022 2023 2024 2025 2026 2027 2028 2029 2030 2031 2032 2033 2034 2035 2036 2037 2038 2039 2040 2041 2042 2043 2044 2045:=
1 0 0 0 0 0 0 0 0 0 0 0 0 0 0 0 0 0 0 0 0 0 0 0 0 0 0 0 0 0 0 0 0
[Region,DEMPWRWAS,*,*]:
2014 2015 2016 2017 2018 2019 2020 2021 2022 2023 2024 2025 2026 2027 2028 2029 2030 2031 2032 2033 2034 2035 2036 2037 2038 2039 2040 2041 2042 2043 2044 2045:=
1 0 0 0 0 0 0 0 0 0 0 0 0 0 0 0 0 0 0 0 0 0 0 0 0 0 0 0 0 0 0 0 0
[Region,DEMPWRWND,*,*]:
2014 2015 2016 2017 2018 2019 2020 2021 2022 2023 2024 2025 2026 2027 2028 2029 2030 2031 2032 2033 2034 2035 2036 2037 2038 2039 2040 2041 2042 2043 2044 2045:=
1 0 0 0 0 0 0 0 0 0 0 0 0 0 0 0 0 0 0 0 0 0 0 0 0 0 0 0 0 0 0 0 0
[Region,DEMRESELC,*,*]:
2014 2015 2016 2017 2018 2019 2020 2021 2022 2023 2024 2025 2026 2027 2028 2029 2030 2031 2032 2033 2034 2035 2036 2037 2038 2039 2040 2041 2042 2043 2044 2045:=
1 0 0 0 0 0 0 0 0 0 0 0 0 0 0 0 0 0 0 0 0 0 0 0 0 0 0 0 0 0 0 0 0
[Region,EXPELC,*,*]:
2014 2015 2016 2017 2018 2019 2020 2021 2022 2023 2024 2025 2026 2027 2028 2029 2030 2031 2032 2033 2034 2035 2036 2037 2038 2039 2040 2041 2042 2043 2044 2045:=
1 -13.37 -13.22 -12.01 -12.58 -12.58 -12.58 -12.58 -12.58 -12.58 -12.58 -12.58 -12.58 -12.58 -12.58 -12.58 -12.58 -12.58 -12.58 -12.58 -12.58 -12.58 -12.58 -12.58 -12.58 -12.58 -12.58 -12.58 -12.58 -12.58 -12.58 -12.58 -12.58
[Region,EXPELCIT,*,*]:
2014 2015 2016 2017 2018 2019 2020 2021 2022 2023 2024 2025 2026 2027 2028 2029 2030 2031 2032 2033 2034 2035 2036 2037 2038 2039 2040 2041 2042 2043 2044 2045:=
1 -13.37 -13.22 -12.01 -12.56 -12.56 -12.56 -12.56 -12.56 -12.56 -6.62 -6.62 -6.62 -6.62 -6.62 -6.62 -6.62 -6.62 -6.62 -6.62 -6.62 -6.62 -6.62 -6.62 -6.62 -6.62 -6.62 -6.62 -6.62 -6.62 -6.62 -6.62 -6.62
[Region,EXPELCYA,*,*]:
2014 2015 2016 2017 2018 2019 2020 2021 2022 2023 2024 2025 2026 2027 2028 2029 2030 2031 2032 2033 2034 2035 2036 2037 2038 2039 2040 2041 2042 2043 2044 2045:=
1 -12.56 -12.56 -12.56 -12.6 -12.6 -12.6 -12.6 -12.6 -12.6 -12.6 -12.6 -12.6 -12.6 -12.6 -12.6 -12.6 -12.6 -12.6 -12.6 -12.6 -12.6 -12.6 -12.6 -12.6 -12.6 -12.6 -12.6 -12.6 -12.6 -12.6 -12.6 -12.6
[Region,IMPCRU,*,*]:
2014 2015 2016 2017 2018 2019 2020 2021 2022 2023 2024 2025 2026 2027 2028 2029 2030 2031 2032 2033 2034 2035 2036 2037 2038 2039 2040 2041 2042 2043 2044 2045:=
1 7.5 7.5 8.33 9.15 9.97 10.8 11.62 12.09 12.56 13.03 13.5 13.98 14.45 14.92 15.39 15.86 16.33 16.52 16.71 16.9 17.09 17.29 17.48 17.67 17.86 18.05 18.24 18.24 18.24 18.24 18.24 18.24
[Region,IMPDSL,*,*]:
2014 2015 2016 2017 2018 2019 2020 2021 2022 2023 2024 2025 2026 2027 2028 2029 2030 2031 2032 2033 2034 2035 2036 2037 2038 2039 2040 2041 2042 2043 2044 2045:=
1 29.3 15.647 17.365 19.083 20.801 22.519 24.237 25.219 26.201 27.183 28.164 29.146 30.128 31.11 32.091 33.073 34.055 34.454 34.853 35.252 35.65 36.049 36.448 36.847 37.246 37.645 38.043 38.043 38.043 38.043 38.043 38.043
[Region,IMPELC,*,*]:
2014 2015 2016 2017 2018 2019 2020 2021 2022 2023 2024 2025 2026 2027 2028 2029 2030 2031 2032 2033 2034 2035 2036 2037 2038 2039 2040 2041 2042 2043 2044 2045:=
1 45 45 45 45 45 45 45 45 45 45 45 45 45 45 45 45 45 45 45 45 45 45 45 45 45 45 45 45 45 45 45 45
[Region,IMPHFO,*,*]:
2014 2015 2016 2017 2018 2019 2020 2021 2022 2023 2024 2025 2026 2027 2028 2029 2030 2031 2032 2033 2034 2035 2036 2037 2038 2039 2040 2041 2042 2043 2044 2045:=
1 28.42 15.18 16.84 18.51 20.18 21.84 23.51 24.46 25.42 26.37 27.32 28.27 29.22 30.18 31.13 32.08 33.03 33.42 33.81 34.19 34.58 34.97 35.36 35.74 36.13 36.52 36.9 36.9 36.9 36.9 36.9 36.9
[Region,IMPNGS,*,*]:
2014 2015 2016 2017 2018 2019 2020 2021 2022 2023 2024 2025 2026 2027 2028 2029 2030 2031 2032 2033 2034 2035 2036 2037 2038 2039 2040 2041 2042 2043 2044 2045:=
1 14.227 10.708 10.739 10.77 10.8 10.831 10.861 11.351 11.84 12.33 12.819 13.309 13.799 14.288 14.778 15.267 15.757 15.94 16.124 16.307 16.491 16.675 16.858 17.042 17.225 17.409 17.593 17.593 17.593 17.593 17.593 17.593
[Region,PWRHYD002,*,*]:
2014 2015 2016 2017 2018 2019 2020 2021 2022 2023 2024 2025 2026 2027 2028 2029 2030 2031 2032 2033 2034 2035 2036 2037 2038 2039 2040 2041 2042 2043 2044 2045:=
1 1.58 1.58 1.58 1.58 1.58 1.58 1.58 1.58 1.58 1.58 1.58 1.58 1.58 1.58 1.58 1.58 1.58 1.58 1.58 1.58 1.58 1.58 1.58 1.58 1.58 1.58 1.58 1.58 1.58 1.58 1.58 1.58
[Region,RNWHYD,*,*]:
2014 2015 2016 2017 2018 2019 2020 2021 2022 2023 2024 2025 2026 2027 2028 2029 2030 2031 2032 2033 2034 2035 2036 2037 2038 2039 2040 2041 2042 2043 2044 2045:=
1 0 0 0 0 0 0 0 0 0 0 0 0 0 0 0 0 0 0 0 0 0 0 0 0 0 0 0 0 0 0 0 0
[Region,RNWSOL,*,*]:
2014 2015 2016 2017 2018 2019 2020 2021 2022 2023 2024 2025 2026 2027 2028 2029 2030 2031 2032 2033 2034 2035 2036 2037 2038 2039 2040 2041 2042 2043 2044 2045:=
1 0 0 0 0 0 0 0 0 0 0 0 0 0 0 0 0 0 0 0 0 0 0 0 0 0 0 0 0 0 0 0 0
[Region,RNWWAS,*,*]:
2014 2015 2016 2017 2018 2019 2020 2021 2022 2023 2024 2025 2026 2027 2028 2029 2030 2031 2032 2033 2034 2035 2036 2037 2038 2039 2040 2041 2042 2043 2044 2045:=
1 1.25 1.25 1.25 1.25 1.25 1.25 1.25 1.25 1.25 1.25 1.25 1.25 1.25 1.25 1.25 1.25 1.25 1.25 1.25 1.25 1.25 1.25 1.25 1.25 1.25 1.25 1.25 1.25 1.25 1.25 1.25 1.25
[Region,RNWWND,*,*]:
2014 2015 2016 2017 2018 2019 2020 2021 2022 2023 2024 2025 2026 2027 2028 2029 2030 2031 2032 2033 2034 2035 2036 2037 2038 2039 2040 2041 2042 2043 2044 2045:=
1 0 0 0 0 0 0 0 0 0 0 0 0 0 0 0 0 0 0 0 0 0 0 0 0 0 0 0 0 0 0 0 0
[Region,UPSCRU001,*,*]:
2014 2015 2016 2017 2018 2019 2020 2021 2022 2023 2024 2025 2026 2027 2028 2029 2030 2031 2032 2033 2034 2035 2036 2037 2038 2039 2040 2041 2042 2043 2044 2045:=
1 0 0 0 0 0 0 0 0 0 0 0 0 0 0 0 0 0 0 0 0 0 0 0 0 0 0 0 0 0 0 0 0
;

param YearSplit default 0 :
2014 2015 2016 2017 2018 2019 2020 2021 2022 2023 2024 2025 2026 2027 2028 2029 2030 2031 2032 2033 2034 2035 2036 2037 2038 2039 2040 2041 2042 2043 2044 2045:=
S01D 0.143835616 0.143835616 0.143835616 0.143835616 0.143835616 0.143835616 0.143835616 0.143835616 0.143835616 0.143835616 0.143835616 0.143835616 0.143835616 0.143835616 0.143835616 0.143835616 0.143835616 0.143835616 0.143835616 0.143835616 0.143835616 0.143835616 0.143835616 0.143835616 0.143835616 0.143835616 0.143835616 0.143835616 0.143835616 0.143835616 0.143835616 0.143835616
S02P 0.020547945 0.020547945 0.020547945 0.020547945 0.020547945 0.020547945 0.020547945 0.020547945 0.020547945 0.020547945 0.020547945 0.020547945 0.020547945 0.020547945 0.020547945 0.020547945 0.020547945 0.020547945 0.020547945 0.020547945 0.020547945 0.020547945 0.020547945 0.020547945 0.020547945 0.020547945 0.020547945 0.020547945 0.020547945 0.020547945 0.020547945 0.020547945
S03N 0.082191781 0.082191781 0.082191781 0.082191781 0.082191781 0.082191781 0.082191781 0.082191781 0.082191781 0.082191781 0.082191781 0.082191781 0.082191781 0.082191781 0.082191781 0.082191781 0.082191781 0.082191781 0.082191781 0.082191781 0.082191781 0.082191781 0.082191781 0.082191781 0.082191781 0.082191781 0.082191781 0.082191781 0.082191781 0.082191781 0.082191781 0.082191781
SP01D 0.147031963 0.147031963 0.147031963 0.147031963 0.147031963 0.147031963 0.147031963 0.147031963 0.147031963 0.147031963 0.147031963 0.147031963 0.147031963 0.147031963 0.147031963 0.147031963 0.147031963 0.147031963 0.147031963 0.147031963 0.147031963 0.147031963 0.147031963 0.147031963 0.147031963 0.147031963 0.147031963 0.147031963 0.147031963 0.147031963 0.147031963 0.147031963
SP02P 0.021004566 0.021004566 0.021004566 0.021004566 0.021004566 0.021004566 0.021004566 0.021004566 0.021004566 0.021004566 0.021004566 0.021004566 0.021004566 0.021004566 0.021004566 0.021004566 0.021004566 0.021004566 0.021004566 0.021004566 0.021004566 0.021004566 0.021004566 0.021004566 0.021004566 0.021004566 0.021004566 0.021004566 0.021004566 0.021004566 0.021004566 0.021004566
SP03N 0.084018265 0.084018265 0.084018265 0.084018265 0.084018265 0.084018265 0.084018265 0.084018265 0.084018265 0.084018265 0.084018265 0.084018265 0.084018265 0.084018265 0.084018265 0.084018265 0.084018265 0.084018265 0.084018265 0.084018265 0.084018265 0.084018265 0.084018265 0.084018265 0.084018265 0.084018265 0.084018265 0.084018265 0.084018265 0.084018265 0.084018265 0.084018265
W01D 0.229794521 0.229794521 0.229794521 0.229794521 0.229794521 0.229794521 0.229794521 0.229794521 0.229794521 0.229794521 0.229794521 0.229794521 0.229794521 0.229794521 0.229794521 0.229794521 0.229794521 0.229794521 0.229794521 0.229794521 0.229794521 0.229794521 0.229794521 0.229794521 0.229794521 0.229794521 0.229794521 0.229794521 0.229794521 0.229794521 0.229794521 0.229794521
W02P 0.041780822 0.041780822 0.041780822 0.041780822 0.041780822 0.041780822 0.041780822 0.041780822 0.041780822 0.041780822 0.041780822 0.041780822 0.041780822 0.041780822 0.041780822 0.041780822 0.041780822 0.041780822 0.041780822 0.041780822 0.041780822 0.041780822 0.041780822 0.041780822 0.041780822 0.041780822 0.041780822 0.041780822 0.041780822 0.041780822 0.041780822 0.041780822
W03N 0.229794521 0.229794521 0.229794521 0.229794521 0.229794521 0.229794521 0.229794521 0.229794521 0.229794521 0.229794521 0.229794521 0.229794521 0.229794521 0.229794521 0.229794521 0.229794521 0.229794521 0.229794521 0.229794521 0.229794521 0.229794521 0.229794521 0.229794521 0.229794521 0.229794521 0.229794521 0.229794521 0.229794521 0.229794521 0.229794521 0.229794521 0.229794521
;

#
end;
